1 55.30 55.80 1400.14 0.06 0.18 0.66
2 55.30 55.80 600.00 0.06 0.18 0.66
3 55.84 56.40 1400.00 0.06 0.18 0.66
4 55.84 55.80 700.00 0.06 0.18 0.66
5 56.38 55.80 800.00 0.06 0.18 0.66
6 56.92 56.90 1400.00 0.06 0.18 0.66
7 57.99 58.00 1400.00 0.06 0.18 0.66
8 58.53 58.50 1000.00 0.06 0.18 0.66
9 57.99 58.50 1400.00 0.06 0.18 0.66
10 59.07 59.10 1400.00 0.06 0.18 0.66
11 59.07 59.10 1400.00 0.05 0.18 0.66
12 59.07 59.10 1000.00 0.06 0.18 0.66
13 59.61 60.10 1400.00 0.04 0.19 0.66
14 60.14 59.60 1200.00 0.03 0.21 0.65
15 60.14 60.10 1200.00 0.03 0.22 0.65
16 60.14 60.10 1200.00 0.03 0.22 0.64
17 59.61 59.10 1400.00 0.03 0.23 0.64
18 60.14 59.10 1200.00 0.03 0.23 0.64
19 60.14 60.10 1200.00 0.03 0.23 0.64
20 60.14 60.70 1200.00 0.06 0.20 0.64
21 59.07 60.10 1199.99 0.08 0.18 0.64
22 60.14 60.10 1200.00 0.06 0.20 0.64
23 59.61 59.60 1400.00 0.04 0.22 0.64
24 60.14 60.70 1200.00 0.04 0.22 0.64
25 60.14 60.10 1400.00 0.04 0.23 0.63
26 59.61 60.10 1200.00 0.03 0.24 0.63
27 60.14 60.70 1400.00 0.03 0.24 0.63
28 60.14 59.60 1200.00 0.03 0.24 0.63
29 60.14 60.10 1400.00 0.04 0.24 0.63
30 60.14 60.10 1200.00 0.03 0.24 0.63
31 60.14 60.10 1200.00 0.03 0.24 0.63
32 60.14 60.10 1400.00 0.03 0.24 0.63
33 60.14 60.10 1200.00 0.07 0.20 0.63
34 60.68 60.70 1200.00 0.09 0.18 0.63
35 60.14 60.10 1200.00 0.09 0.18 0.63
36 59.61 60.70 1200.00 0.07 0.20 0.63
37 60.14 60.10 1200.00 0.09 0.18 0.63
38 59.61 59.60 1400.00 0.09 0.18 0.63
39 60.14 60.10 1200.00 0.09 0.18 0.63
40 60.14 59.10 1200.00 0.08 0.18 0.63
41 59.07 60.10 1200.00 0.08 0.18 0.63
42 60.14 60.10 1200.00 0.08 0.19 0.63
43 60.14 60.10 1200.00 0.08 0.19 0.63
44 59.61 60.10 1399.99 0.08 0.19 0.63
45 60.14 60.10 1200.00 0.08 0.18 0.63
46 60.14 60.10 1200.00 0.08 0.18 0.63
47 60.14 60.70 1200.00 0.08 0.18 0.63
48 60.14 60.10 1200.00 0.08 0.18 0.63
49 60.14 60.10 1200.00 0.08 0.18 0.63
50 60.68 60.10 1200.00 0.08 0.18 0.63
51 60.14 60.10 1199.99 0.08 0.18 0.63
52 60.14 60.10 900.00 0.08 0.18 0.63
53 60.14 60.10 1200.00 0.08 0.19 0.63
54 60.14 60.10 1200.00 0.08 0.19 0.63
55 60.14 60.70 1200.00 0.08 0.18 0.63
56 60.14 60.10 1200.00 0.08 0.19 0.63
57 60.14 60.70 1200.00 0.08 0.19 0.63
58 60.14 60.10 1200.00 0.09 0.18 0.63
59 60.14 60.70 1200.00 0.09 0.18 0.63
60 60.68 60.10 1200.00 0.09 0.18 0.63
61 60.14 60.10 1200.00 0.07 0.19 0.63
62 60.14 60.70 1200.00 0.08 0.18 0.63
63 60.68 60.10 1200.00 0.07 0.20 0.63
64 60.68 60.70 1200.00 0.07 0.19 0.63
65 60.68 60.10 1200.00 0.07 0.20 0.63
66 60.14 60.70 1200.00 0.08 0.19 0.63
67 60.14 60.70 1200.00 0.07 0.19 0.63
68 60.68 60.70 1200.00 0.06 0.21 0.63
69 60.68 61.20 1200.00 0.08 0.19 0.63
70 60.14 61.20 1200.00 0.06 0.21 0.63
71 61.22 60.70 1200.00 0.08 0.18 0.63
72 61.22 61.20 1200.00 0.08 0.19 0.63
73 61.22 60.70 1200.00 0.06 0.21 0.63
74 60.68 61.20 1200.00 0.07 0.20 0.63
75 61.22 61.20 1200.00 0.09 0.18 0.63
76 61.76 61.80 1200.00 0.07 0.19 0.63
77 61.22 61.80 1200.00 0.06 0.21 0.63
78 60.68 61.80 1200.00 0.09 0.18 0.63
79 61.22 60.70 1200.00 0.09 0.18 0.64
80 61.22 60.70 800.00 0.08 0.18 0.64
81 60.68 60.70 1200.00 0.08 0.18 0.64
82 60.68 60.70 1200.00 0.08 0.18 0.64
83 60.68 61.20 1200.00 0.06 0.20 0.64
84 60.68 61.20 1200.00 0.05 0.21 0.64
85 60.68 61.20 1200.00 0.08 0.18 0.64
86 61.22 61.20 1200.00 0.08 0.18 0.64
87 60.68 60.70 1200.00 0.08 0.18 0.64
88 60.68 61.20 1200.00 0.08 0.18 0.64
89 60.68 61.20 1200.00 0.08 0.18 0.64
90 61.22 60.70 1200.00 0.07 0.18 0.65
91 61.22 60.70 1200.00 0.07 0.18 0.65
92 60.14 60.10 1200.00 0.07 0.18 0.65
93 61.22 60.70 1200.00 0.06 0.19 0.65
94 60.68 60.10 1200.00 0.05 0.20 0.65
95 60.14 60.70 1200.00 0.04 0.21 0.65
96 60.68 61.20 1200.00 0.05 0.20 0.65
97 61.22 61.20 1200.00 0.07 0.18 0.65
98 61.22 61.20 1200.00 0.07 0.18 0.65
99 60.68 60.70 1200.00 0.06 0.18 0.66
100 61.22 60.70 1200.00 0.06 0.18 0.66
101 60.68 60.70 900.00 0.06 0.18 0.66
102 60.68 61.20 1200.00 0.06 0.18 0.66
103 60.68 61.20 1199.99 0.06 0.18 0.66
104 60.68 61.20 1200.00 0.05 0.18 0.66
105 60.14 60.70 1200.00 0.05 0.18 0.67
106 60.68 60.70 1200.00 0.05 0.18 0.67
107 60.68 60.10 1200.00 0.05 0.18 0.67
108 60.14 60.10 1200.00 0.05 0.18 0.67
109 60.68 60.10 1200.00 0.04 0.18 0.67
110 60.68 60.70 900.00 0.04 0.18 0.68
111 60.68 60.10 1200.00 0.04 0.18 0.68
112 60.14 61.20 1200.00 0.04 0.18 0.68
113 60.14 60.10 1200.00 0.04 0.18 0.68
114 60.14 60.70 1200.00 0.04 0.19 0.67
115 60.68 61.20 1200.00 0.03 0.21 0.66
116 60.68 60.70 1200.00 0.04 0.22 0.64
117 61.22 61.20 1200.00 0.04 0.23 0.63
118 60.68 61.20 1200.00 0.03 0.24 0.63
119 60.14 60.10 1200.00 0.03 0.24 0.63
120 60.68 60.70 1200.00 0.04 0.24 0.62
121 61.22 61.20 1200.00 0.03 0.24 0.62
122 61.22 60.70 1200.00 0.03 0.24 0.62
123 61.22 61.20 1200.00 0.09 0.19 0.62
124 61.22 60.70 1200.00 0.07 0.21 0.62
125 61.22 61.20 1200.00 0.09 0.18 0.62
126 61.22 61.20 1200.00 0.09 0.18 0.63
127 60.68 61.80 1200.00 0.09 0.18 0.63
128 61.22 60.70 1200.00 0.08 0.19 0.63
129 61.22 61.20 1200.00 0.07 0.20 0.63
130 61.22 61.20 1200.00 0.09 0.18 0.63
131 61.22 61.20 1200.00 0.09 0.18 0.63
132 60.68 61.20 1200.00 0.09 0.18 0.63
133 60.68 61.20 1200.00 0.09 0.18 0.63
134 60.68 61.20 1200.00 0.09 0.18 0.64
135 61.22 61.20 1200.00 0.08 0.18 0.64
136 61.22 60.70 1200.00 0.08 0.18 0.64
137 60.68 60.70 900.00 0.08 0.18 0.64
138 61.22 60.70 1200.00 0.08 0.18 0.64
139 60.68 60.70 1200.00 0.07 0.18 0.65
140 60.68 60.10 1200.00 0.07 0.18 0.65
141 60.68 61.20 1200.00 0.07 0.18 0.65
142 61.22 60.70 1200.00 0.06 0.18 0.65
143 61.22 60.70 1200.00 0.06 0.19 0.65
144 60.68 61.20 1200.00 0.07 0.18 0.66
145 60.14 60.70 1200.00 0.07 0.18 0.66
146 60.68 60.10 1200.00 0.06 0.18 0.66
147 60.68 60.70 1200.00 0.06 0.18 0.66
148 61.22 60.70 1200.00 0.06 0.18 0.66
149 61.22 61.20 1200.00 0.05 0.18 0.66
150 60.14 60.70 1000.00 0.05 0.18 0.67
151 60.68 60.70 1200.00 0.05 0.18 0.67
152 61.22 60.70 899.99 0.05 0.18 0.67
153 60.68 60.70 1200.00 0.05 0.18 0.67
154 60.68 61.20 1200.00 0.04 0.18 0.68
155 60.68 60.70 1200.00 0.04 0.19 0.68
156 61.22 60.70 1200.00 0.04 0.18 0.68
157 61.22 61.20 1200.00 0.04 0.18 0.68
158 60.68 61.20 1200.00 0.04 0.18 0.68
159 60.68 60.70 1200.00 0.03 0.19 0.68
160 61.22 61.20 1200.00 0.04 0.20 0.66
161 61.22 60.10 1200.00 0.03 0.22 0.65
162 60.68 61.80 1200.00 0.04 0.22 0.64
163 61.22 61.20 1200.00 0.07 0.18 0.64
164 61.22 61.20 1200.00 0.05 0.20 0.64
165 61.22 61.20 1200.00 0.04 0.22 0.64
166 60.68 61.80 1200.00 0.04 0.22 0.64
167 61.22 61.20 1200.00 0.04 0.22 0.64
168 61.76 61.20 1200.00 0.03 0.22 0.64
169 61.22 61.20 1200.00 0.03 0.23 0.64
170 61.22 61.80 1200.00 0.03 0.23 0.64
171 61.22 61.20 1200.00 0.06 0.19 0.64
172 61.22 61.20 1200.00 0.05 0.21 0.64
173 61.22 61.20 1200.00 0.03 0.23 0.64
174 61.22 61.20 1200.00 0.03 0.23 0.64
175 61.76 61.20 1200.00 0.03 0.23 0.64
176 61.22 61.80 1200.00 0.03 0.23 0.64
177 61.76 61.20 1200.00 0.02 0.23 0.64
178 61.22 61.20 1200.00 0.02 0.24 0.64
179 61.76 61.80 1200.00 0.02 0.24 0.64
180 61.22 61.20 1200.00 0.03 0.24 0.63
181 61.76 61.20 1200.00 0.02 0.24 0.63
182 61.22 61.20 1200.00 0.07 0.19 0.63
183 61.22 61.20 1200.00 0.06 0.21 0.63
184 61.22 61.20 1200.00 0.05 0.22 0.63
185 61.22 61.20 1200.00 0.03 0.24 0.63
186 61.22 61.20 1200.00 0.02 0.25 0.63
187 61.22 61.20 1200.00 0.02 0.25 0.63
188 61.22 61.20 1200.00 0.02 0.26 0.62
189 61.76 61.20 1200.00 0.02 0.26 0.62
190 61.76 61.80 1200.00 0.02 0.26 0.62
191 61.22 61.20 1200.00 0.02 0.26 0.62
192 61.22 61.20 1200.00 0.02 0.26 0.62
193 61.22 61.20 1200.00 0.02 0.26 0.62
194 61.22 61.80 1200.00 0.02 0.26 0.62
195 61.76 61.20 1200.00 0.03 0.27 0.61
196 61.76 61.80 1200.00 0.02 0.27 0.61
197 61.22 61.80 1200.00 0.02 0.27 0.61
198 61.22 61.20 1200.00 0.03 0.27 0.60
199 61.22 61.20 1200.00 0.03 0.27 0.60
200 61.76 61.80 1200.00 0.03 0.27 0.60
201 61.22 61.80 1200.00 0.12 0.18 0.60
202 61.22 62.30 1200.00 0.10 0.20 0.60
203 61.76 61.80 1200.00 0.11 0.19 0.60
204 62.30 62.30 1200.00 0.09 0.21 0.60
205 62.30 61.80 1200.00 0.08 0.22 0.60
206 61.76 61.80 1200.00 0.08 0.22 0.60
207 62.30 62.30 1200.00 0.08 0.22 0.60
208 61.22 62.30 1200.00 0.08 0.22 0.60
209 61.76 62.30 1200.00 0.10 0.20 0.60
210 61.76 62.30 1200.00 0.11 0.19 0.60
211 62.30 62.30 1200.00 0.09 0.21 0.60
212 62.30 61.20 1199.99 0.09 0.21 0.60
213 61.76 62.30 1200.00 0.12 0.18 0.60
214 62.30 62.30 1200.00 0.10 0.20 0.60
215 62.30 62.30 1200.00 0.08 0.22 0.60
216 61.22 62.30 1200.00 0.08 0.22 0.60
217 61.76 61.80 1200.00 0.07 0.23 0.60
218 61.22 62.30 1200.00 0.07 0.23 0.60
219 62.30 61.80 1200.00 0.07 0.23 0.60
220 61.76 62.30 1200.00 0.06 0.24 0.60
221 61.22 62.30 1200.00 0.06 0.24 0.60
222 61.76 62.30 1200.00 0.06 0.24 0.60
223 61.76 62.30 1200.00 0.06 0.24 0.60
224 62.30 62.30 1200.00 0.06 0.24 0.60
225 62.30 62.30 1200.00 0.05 0.25 0.60
226 61.22 61.20 1200.00 0.05 0.25 0.60
227 62.30 62.30 1200.00 0.05 0.25 0.60
228 62.30 61.80 1200.00 0.05 0.25 0.60
229 62.30 61.80 1200.00 0.11 0.18 0.60
230 62.30 62.30 1200.00 0.09 0.21 0.60
231 62.30 62.30 1200.00 0.11 0.19 0.60
232 62.30 62.30 1200.00 0.09 0.21 0.60
233 62.30 62.80 1200.00 0.08 0.22 0.60
234 61.76 62.30 1200.00 0.08 0.22 0.60
235 62.30 62.30 1200.00 0.08 0.22 0.60
236 62.30 61.80 1200.00 0.12 0.18 0.60
237 62.30 62.30 1200.00 0.10 0.20 0.60
238 62.30 62.30 1200.00 0.10 0.19 0.60
239 62.30 62.30 1200.00 0.09 0.21 0.60
240 62.30 62.80 1200.00 0.12 0.18 0.60
241 62.30 62.30 1200.00 0.12 0.18 0.60
242 62.30 62.30 1200.00 0.12 0.18 0.61
243 61.76 61.80 1200.00 0.12 0.18 0.61
244 61.76 61.80 1200.00 0.11 0.18 0.61
245 62.30 61.20 1200.00 0.11 0.18 0.61
246 61.76 61.80 1200.00 0.11 0.18 0.61
247 62.30 61.20 1200.00 0.11 0.18 0.61
248 62.30 61.20 1200.00 0.11 0.18 0.62
249 61.76 61.80 1200.00 0.10 0.18 0.62
250 61.76 61.20 900.00 0.10 0.18 0.62
251 61.22 61.20 1200.00 0.10 0.18 0.62
252 61.76 61.80 1200.00 0.10 0.18 0.63
253 61.22 62.30 1200.00 0.10 0.18 0.63
254 61.22 61.20 900.00 0.09 0.18 0.63
255 61.76 61.80 1200.00 0.09 0.18 0.63
256 61.76 61.20 1199.99 0.09 0.18 0.63
257 61.22 62.30 1200.00 0.09 0.18 0.63
258 61.76 61.20 1200.00 0.09 0.18 0.63
259 61.76 61.20 800.00 0.09 0.18 0.64
260 61.22 62.30 1200.00 0.09 0.18 0.64
261 61.76 61.20 1200.00 0.08 0.18 0.64
262 61.76 61.80 1200.00 0.08 0.18 0.64
263 61.76 61.20 1200.00 0.08 0.18 0.64
264 61.76 62.30 1200.00 0.08 0.18 0.64
265 61.76 61.80 1200.00 0.08 0.18 0.65
266 61.22 61.20 1200.00 0.07 0.18 0.65
267 61.76 61.20 1200.00 0.07 0.18 0.65
268 61.76 61.80 1200.00 0.07 0.18 0.65
269 62.30 62.30 1200.00 0.05 0.20 0.65
270 61.76 61.80 1200.00 0.03 0.22 0.65
271 61.76 62.30 1200.00 0.02 0.23 0.65
272 62.30 61.80 1200.00 0.02 0.23 0.65
273 62.30 61.80 1200.00 0.02 0.23 0.64
274 61.76 62.30 1200.00 0.02 0.23 0.64
275 62.30 62.30 1200.00 0.07 0.19 0.64
276 62.83 62.30 1200.00 0.07 0.19 0.64
277 62.30 62.30 1200.00 0.08 0.18 0.65
278 62.30 62.30 1200.00 0.07 0.18 0.65
279 62.30 62.30 1200.00 0.06 0.18 0.65
280 61.76 61.20 1200.00 0.06 0.19 0.66
281 61.76 62.30 1200.00 0.05 0.19 0.66
282 61.76 61.80 1200.00 0.05 0.20 0.66
283 62.30 61.80 1200.00 0.06 0.18 0.66
284 62.30 62.30 1200.00 0.06 0.18 0.66
285 62.30 62.30 1200.00 0.05 0.18 0.66
286 61.76 61.80 1200.00 0.05 0.19 0.67
287 61.22 62.30 1200.00 0.05 0.18 0.67
288 61.76 62.30 1200.00 0.05 0.18 0.67
289 61.76 61.80 1200.00 0.05 0.18 0.67
290 61.22 61.80 1200.00 0.05 0.18 0.67
291 61.22 62.30 1200.00 0.05 0.18 0.68
292 61.22 62.30 1200.00 0.05 0.18 0.68
293 61.76 62.30 1200.00 0.04 0.18 0.68
294 62.30 62.30 1200.00 0.04 0.18 0.68
295 62.30 61.80 1200.00 0.04 0.18 0.68
296 61.76 62.30 1200.00 0.03 0.18 0.69
297 62.30 62.30 1200.00 0.03 0.18 0.69
298 61.22 61.80 1200.00 0.03 0.18 0.69
299 61.76 61.80 1200.00 0.03 0.18 0.69
300 62.30 61.20 1200.00 0.03 0.18 0.69
301 61.76 61.80 1200.00 0.03 0.18 0.70
302 61.22 62.30 1200.00 0.03 0.18 0.70
303 61.76 62.30 1200.00 0.02 0.19 0.69
304 61.76 62.30 1200.00 0.04 0.18 0.68
305 61.76 62.30 1200.00 0.04 0.18 0.69
306 62.30 61.80 1200.00 0.04 0.18 0.69
307 62.30 62.30 1200.00 0.03 0.19 0.69
308 62.30 62.30 1200.00 0.02 0.21 0.67
309 62.30 62.30 1200.00 0.03 0.20 0.67
310 62.30 62.30 1200.00 0.03 0.20 0.67
311 62.30 62.30 1200.00 0.04 0.19 0.67
312 62.30 62.30 1200.00 0.02 0.21 0.67
313 62.30 62.80 1200.00 0.05 0.19 0.67
314 63.37 62.30 1200.00 0.04 0.19 0.67
315 62.30 62.30 1200.00 0.03 0.21 0.67
316 62.30 62.30 1200.00 0.04 0.19 0.67
317 62.83 62.30 1200.00 0.05 0.19 0.67
318 62.30 62.30 1200.00 0.03 0.20 0.67
319 62.30 62.30 1200.00 0.04 0.19 0.67
320 62.30 62.30 1200.00 0.02 0.21 0.67
321 62.30 62.30 1200.00 0.04 0.19 0.67
322 62.30 62.80 1200.00 0.05 0.18 0.67
323 62.30 62.30 1200.00 0.03 0.20 0.67
324 62.83 62.30 1200.00 0.04 0.19 0.67
325 62.83 62.80 1200.00 0.04 0.19 0.67
326 62.30 62.30 1200.00 0.04 0.19 0.67
327 62.83 62.30 1200.00 0.05 0.19 0.67
328 62.83 62.80 1200.00 0.04 0.19 0.67
329 62.30 62.80 1200.00 0.03 0.20 0.67
330 62.30 62.30 1199.99 0.04 0.19 0.67
331 62.83 62.30 1200.00 0.05 0.18 0.67
332 62.30 62.80 1200.00 0.04 0.18 0.67
333 62.30 62.30 1200.00 0.04 0.18 0.67
334 62.30 62.30 1200.00 0.02 0.21 0.67
335 62.30 62.30 1200.00 0.02 0.22 0.65
336 62.30 62.30 1200.00 0.02 0.24 0.64
337 62.30 62.30 1200.00 0.03 0.25 0.62
338 62.30 62.30 1200.00 0.03 0.26 0.62
339 62.30 62.30 1200.00 0.02 0.26 0.62
340 62.30 62.30 1200.00 0.10 0.18 0.62
341 62.30 62.30 1200.00 0.07 0.20 0.62
342 62.83 62.30 1200.00 0.08 0.20 0.62
343 62.30 62.80 1200.00 0.06 0.22 0.62
344 61.76 62.30 600.00 0.06 0.22 0.62
345 61.22 62.30 1200.00 0.05 0.22 0.62
346 62.30 62.30 1200.00 0.05 0.23 0.62
347 62.30 62.30 1200.00 0.04 0.23 0.63
348 62.30 61.80 1200.00 0.03 0.24 0.64
349 62.30 62.30 1200.00 0.03 0.24 0.63
350 62.30 62.80 1200.00 0.09 0.18 0.63
351 62.30 62.30 1200.00 0.09 0.18 0.63
352 62.30 62.30 1200.00 0.09 0.18 0.63
353 62.30 62.30 1200.00 0.08 0.18 0.64
354 62.30 62.80 1200.00 0.07 0.19 0.65
355 62.30 62.30 1200.00 0.06 0.19 0.65
356 62.30 62.30 1200.00 0.07 0.18 0.65
357 62.30 62.30 1200.00 0.07 0.18 0.65
358 62.30 61.80 1200.00 0.04 0.22 0.64
359 62.30 62.30 1199.99 0.03 0.22 0.64
360 62.30 62.30 1200.00 0.03 0.23 0.64
361 61.22 62.30 1200.00 0.02 0.24 0.64
362 62.30 62.30 1200.00 0.02 0.24 0.64
363 62.83 62.30 1200.00 0.08 0.19 0.64
364 62.30 62.30 1200.00 0.09 0.18 0.64
365 62.30 62.80 1200.00 0.09 0.18 0.64
366 62.83 62.30 1200.00 0.09 0.18 0.64
367 62.30 62.80 1200.00 0.08 0.18 0.64
368 62.83 62.80 1200.00 0.06 0.19 0.65
369 62.30 62.80 1200.00 0.05 0.20 0.65
370 62.30 62.30 1200.00 0.07 0.18 0.65
371 62.30 62.30 1200.00 0.06 0.19 0.65
372 62.30 62.30 1200.00 0.04 0.22 0.65
373 62.30 62.80 1200.00 0.03 0.22 0.65
374 62.30 62.30 1200.00 0.03 0.23 0.64
375 62.30 62.30 1000.00 0.03 0.24 0.64
376 61.76 62.30 1199.99 0.03 0.24 0.63
377 62.30 62.30 1200.00 0.08 0.19 0.64
378 62.83 62.30 1200.00 0.07 0.18 0.65
379 62.30 62.80 1200.00 0.07 0.18 0.65
380 62.30 62.30 1200.00 0.07 0.18 0.66
381 62.30 62.30 1200.00 0.07 0.18 0.66
382 62.30 62.80 1200.00 0.07 0.18 0.66
383 62.83 63.40 1200.00 0.07 0.18 0.66
384 63.37 62.80 1200.00 0.07 0.17 0.66
385 62.83 62.80 1200.00 0.07 0.18 0.66
386 62.83 62.30 1200.00 0.06 0.18 0.66
387 62.30 62.80 1200.00 0.05 0.19 0.67
388 62.30 62.80 1200.00 0.06 0.18 0.67
389 62.83 62.80 1200.00 0.04 0.17 0.68
390 62.30 62.30 1200.00 0.05 0.17 0.68
391 62.30 62.30 1200.00 0.04 0.17 0.69
392 62.30 62.30 1200.00 0.03 0.17 0.70
393 62.30 62.30 1200.00 0.03 0.17 0.69
394 61.22 62.30 1200.00 0.03 0.17 0.69
395 62.30 61.20 900.00 0.03 0.17 0.69
396 61.22 61.20 600.00 0.03 0.17 0.69
397 61.22 61.20 800.00 0.03 0.17 0.69
398 60.68 60.70 800.00 0.03 0.17 0.69
399 60.68 61.20 600.00 0.03 0.17 0.69
400 60.14 60.70 1200.00 0.04 0.17 0.68
401 60.68 60.70 1200.00 0.05 0.17 0.68
402 61.22 61.20 1200.00 0.04 0.17 0.68
403 61.22 61.20 1200.00 0.04 0.17 0.68
404 61.22 61.20 900.00 0.04 0.17 0.68
405 60.14 61.20 900.00 0.04 0.18 0.68
406 61.22 61.20 900.00 0.04 0.18 0.69
407 60.68 61.20 900.00 0.04 0.17 0.68
408 60.68 61.20 1000.00 0.05 0.18 0.68
409 60.14 60.70 1200.00 0.04 0.18 0.68
410 60.14 61.20 1200.00 0.04 0.18 0.68
411 61.22 60.70 1199.99 0.04 0.18 0.68
412 61.22 60.70 900.00 0.04 0.18 0.68
413 60.68 60.70 900.00 0.04 0.18 0.68
414 60.68 60.70 900.00 0.05 0.18 0.68
415 60.68 60.10 900.00 0.05 0.18 0.67
416 61.22 60.70 1000.00 0.05 0.18 0.68
417 60.68 60.70 1200.00 0.04 0.18 0.68
418 60.14 61.20 1000.00 0.05 0.18 0.68
419 61.22 61.20 1200.00 0.05 0.18 0.67
420 61.22 60.70 1000.00 0.04 0.18 0.68
421 60.68 61.20 1200.00 0.04 0.18 0.68
422 61.22 61.20 1200.00 0.05 0.18 0.67
423 61.22 61.20 1200.00 0.04 0.18 0.68
424 62.30 61.20 1200.00 0.04 0.18 0.68
425 61.76 61.20 1200.00 0.04 0.18 0.67
426 61.22 61.80 1200.00 0.04 0.18 0.68
427 61.76 61.20 1200.00 0.04 0.19 0.67
428 61.22 62.30 1200.00 0.04 0.19 0.67
429 61.22 61.20 1200.00 0.04 0.19 0.67
430 61.22 61.20 1200.00 0.05 0.19 0.66
431 61.22 61.20 900.00 0.04 0.20 0.66
432 61.76 61.80 1200.00 0.04 0.20 0.66
433 61.22 61.80 1200.00 0.04 0.20 0.66
434 61.76 61.20 1200.00 0.04 0.20 0.66
435 61.22 61.20 1200.00 0.04 0.20 0.66
436 61.76 61.20 1200.00 0.04 0.20 0.65
437 61.22 61.80 1200.00 0.05 0.21 0.65
438 62.30 61.20 1200.00 0.04 0.21 0.65
439 61.76 62.30 1200.00 0.04 0.22 0.64
440 61.76 61.80 1200.00 0.04 0.22 0.64
441 62.83 62.30 1200.00 0.05 0.22 0.64
442 62.30 62.30 1200.00 0.04 0.22 0.64
443 62.30 62.30 1200.00 0.05 0.22 0.64
444 62.83 62.30 1200.00 0.05 0.22 0.64
445 62.30 63.40 1200.00 0.04 0.22 0.64
446 62.83 62.30 1200.00 0.05 0.21 0.64
447 62.83 62.30 1200.00 0.04 0.22 0.64
448 62.83 62.30 1200.00 0.05 0.22 0.64
449 63.37 62.80 1200.00 0.05 0.22 0.64
450 62.83 62.80 1200.00 0.04 0.22 0.64
451 63.37 62.30 1200.00 0.05 0.21 0.64
452 63.37 63.40 1200.00 0.04 0.22 0.64
453 63.37 62.80 1200.00 0.05 0.21 0.64
454 63.37 63.40 1199.99 0.05 0.22 0.64
455 62.83 62.80 1200.00 0.04 0.22 0.64
456 63.37 62.80 1200.00 0.05 0.22 0.64
457 62.83 63.40 1200.00 0.04 0.22 0.64
458 62.83 63.90 1200.00 0.05 0.21 0.64
459 63.37 63.40 1200.00 0.05 0.22 0.64
460 62.83 62.80 1200.00 0.04 0.22 0.64
461 63.37 62.30 1200.00 0.05 0.21 0.64
462 63.37 63.40 1200.00 0.04 0.22 0.64
463 63.37 62.80 1200.00 0.05 0.21 0.64
464 63.37 63.40 1200.00 0.05 0.22 0.64
465 63.37 62.80 1200.00 0.04 0.22 0.64
466 63.37 62.80 1200.00 0.05 0.21 0.64
467 63.37 63.40 1200.00 0.04 0.22 0.64
468 63.37 63.40 1200.00 0.05 0.21 0.64
469 63.37 63.40 1200.00 0.04 0.22 0.64
470 63.37 63.40 1200.00 0.04 0.22 0.64
471 63.91 63.40 1200.00 0.05 0.22 0.64
472 63.37 63.40 1200.00 0.04 0.22 0.64
473 63.37 63.40 1200.00 0.05 0.21 0.64
474 63.91 63.40 1200.00 0.04 0.22 0.64
475 63.37 63.90 1200.00 0.04 0.22 0.64
476 63.37 63.40 1200.00 0.05 0.22 0.64
477 63.37 63.40 1200.00 0.04 0.22 0.64
478 63.37 64.50 1200.00 0.05 0.21 0.64
479 63.37 63.40 1200.00 0.04 0.22 0.64
480 63.37 63.40 1200.00 0.04 0.22 0.64
481 63.37 64.50 1200.00 0.05 0.22 0.64
482 63.37 64.50 1200.00 0.04 0.22 0.64
483 63.91 63.90 1200.00 0.04 0.22 0.64
484 63.91 64.50 1200.00 0.04 0.22 0.64
485 63.37 63.40 1200.00 0.04 0.22 0.64
486 63.91 64.50 1200.00 0.05 0.21 0.64
487 63.91 63.90 1200.00 0.04 0.22 0.64
488 63.91 63.90 1200.00 0.04 0.23 0.64
489 64.45 64.50 1200.00 0.04 0.22 0.64
490 63.91 64.50 1200.00 0.04 0.22 0.64
491 63.91 64.50 1200.00 0.05 0.21 0.64
492 63.91 63.40 1200.00 0.05 0.22 0.64
493 63.91 63.40 1200.00 0.04 0.22 0.64
494 63.91 63.40 1200.00 0.04 0.22 0.64
495 63.37 63.40 1200.00 0.05 0.21 0.64
496 63.37 63.40 1000.00 0.04 0.23 0.64
497 63.91 63.40 1200.00 0.04 0.22 0.64
498 63.37 63.90 1200.00 0.04 0.22 0.64
499 63.37 63.40 1200.00 0.05 0.21 0.64
500 63.37 63.40 1199.99 0.04 0.22 0.64
501 64.45 63.90 1200.00 0.04 0.22 0.64
502 63.37 63.90 1200.00 0.04 0.22 0.64
503 64.45 64.50 1200.00 0.04 0.22 0.64
504 64.45 64.50 1200.00 0.04 0.23 0.64
505 63.91 64.50 1200.00 0.04 0.22 0.64
506 63.91 63.90 1200.00 0.04 0.22 0.64
507 64.45 64.50 1200.00 0.05 0.21 0.64
508 63.37 64.50 1200.00 0.04 0.22 0.64
509 64.45 64.50 1200.00 0.04 0.22 0.64
510 64.45 64.50 1200.00 0.03 0.23 0.64
511 64.45 64.50 1200.00 0.04 0.22 0.64
512 64.45 64.50 1200.00 0.04 0.22 0.64
513 64.45 64.50 1200.00 0.03 0.23 0.64
514 63.37 64.50 1200.00 0.04 0.22 0.64
515 64.45 64.50 1200.00 0.04 0.22 0.64
516 64.45 64.50 1200.00 0.04 0.22 0.64
517 63.91 64.50 1200.00 0.04 0.22 0.64
518 64.45 64.50 1200.00 0.03 0.23 0.64
519 64.45 64.50 1200.00 0.04 0.22 0.64
520 64.45 64.50 1200.00 0.04 0.22 0.64
521 64.45 64.50 1200.00 0.04 0.22 0.64
522 64.45 64.50 1200.00 0.04 0.22 0.64
523 64.45 64.50 1199.99 0.03 0.22 0.64
524 64.45 63.90 1200.00 0.04 0.22 0.64
525 64.45 64.50 1200.00 0.04 0.22 0.64
526 64.45 64.50 1200.00 0.03 0.23 0.64
527 64.45 63.90 1200.00 0.04 0.22 0.64
528 64.45 64.50 1200.00 0.04 0.22 0.64
529 64.45 64.50 1200.00 0.04 0.22 0.64
530 64.45 64.50 1200.00 0.04 0.22 0.64
531 64.45 63.40 1200.00 0.03 0.23 0.64
532 64.99 64.50 1200.00 0.04 0.22 0.64
533 64.45 64.50 1200.00 0.03 0.22 0.64
534 64.45 64.50 1200.00 0.04 0.22 0.64
535 64.45 64.50 1200.00 0.04 0.22 0.64
536 64.45 64.50 1200.00 0.03 0.22 0.64
537 64.45 65.00 1200.00 0.04 0.22 0.64
538 64.45 63.90 1200.00 0.04 0.22 0.64
539 64.45 64.50 1200.00 0.03 0.23 0.64
540 64.99 64.50 1200.00 0.04 0.22 0.64
541 64.45 65.00 1200.00 0.04 0.22 0.64
542 64.45 64.50 1200.00 0.04 0.21 0.64
543 64.99 64.50 1200.00 0.04 0.22 0.64
544 64.45 64.50 1200.00 0.03 0.22 0.64
545 64.45 64.50 1200.00 0.04 0.22 0.64
546 64.45 64.50 1200.00 0.03 0.22 0.64
547 64.45 64.50 1200.00 0.04 0.22 0.64
548 64.45 64.50 1200.00 0.04 0.22 0.64
549 64.45 64.50 1200.00 0.03 0.23 0.64
550 64.45 65.00 1200.00 0.04 0.22 0.64
551 64.45 65.00 1200.00 0.03 0.22 0.64
552 64.45 64.50 1200.00 0.04 0.22 0.64
553 64.99 64.50 1200.00 0.04 0.22 0.64
554 64.45 64.50 1200.00 0.03 0.23 0.64
555 64.45 64.50 1200.00 0.04 0.22 0.64
556 64.45 64.50 1199.99 0.03 0.23 0.64
557 64.45 64.50 1200.00 0.04 0.22 0.64
558 64.45 65.00 1200.00 0.03 0.22 0.64
559 64.99 64.50 1200.00 0.04 0.23 0.64
560 64.45 64.50 1200.00 0.04 0.22 0.64
561 64.45 64.50 1200.00 0.03 0.22 0.64
562 64.45 64.50 1200.00 0.04 0.22 0.64
563 64.45 64.50 1200.00 0.03 0.22 0.64
564 64.45 64.50 1200.00 0.04 0.22 0.64
565 64.45 64.50 1200.00 0.04 0.22 0.64
566 64.45 65.00 1200.00 0.03 0.23 0.64
567 64.45 65.00 1200.00 0.04 0.22 0.64
568 64.99 65.00 1200.00 0.03 0.22 0.64
569 64.99 64.50 1200.00 0.04 0.23 0.64
570 64.99 64.50 1200.00 0.04 0.22 0.64
571 64.45 65.00 1200.00 0.03 0.23 0.64
572 64.45 64.50 1200.00 0.04 0.22 0.64
573 64.45 64.50 1200.00 0.03 0.22 0.64
574 64.45 64.50 1200.00 0.04 0.22 0.64
575 64.99 64.50 1200.00 0.04 0.22 0.64
576 64.99 65.00 1200.00 0.03 0.23 0.64
577 64.45 64.50 1200.00 0.04 0.22 0.64
578 64.45 64.50 1200.00 0.03 0.22 0.64
579 64.45 64.50 1200.00 0.04 0.22 0.64
580 64.45 64.50 1200.00 0.04 0.22 0.64
581 64.45 64.50 1200.00 0.03 0.23 0.64
582 64.99 65.00 1200.00 0.04 0.22 0.64
583 64.45 65.00 1200.00 0.03 0.22 0.64
584 64.45 64.50 1200.00 0.04 0.22 0.64
585 64.45 65.00 1200.00 0.04 0.22 0.64
586 64.99 65.00 1200.00 0.03 0.23 0.64
587 64.99 64.50 1200.00 0.03 0.22 0.64
588 64.45 65.00 1200.00 0.03 0.22 0.64
589 64.45 64.50 1200.00 0.03 0.23 0.64
590 64.45 64.50 1200.00 0.03 0.22 0.64
591 64.99 65.50 1200.00 0.03 0.23 0.64
592 64.99 65.00 1200.00 0.04 0.22 0.64
593 64.99 64.50 1200.00 0.03 0.22 0.64
594 64.45 64.50 1200.00 0.04 0.22 0.64
595 64.99 64.50 1200.00 0.04 0.22 0.64
596 64.45 65.00 1200.00 0.03 0.23 0.64
597 65.52 65.00 1200.00 0.03 0.22 0.64
598 64.99 65.00 1200.00 0.03 0.22 0.64
599 64.99 64.50 1200.00 0.03 0.23 0.64
600 64.99 65.00 1200.00 0.04 0.22 0.64
601 64.99 65.50 1200.00 0.03 0.22 0.64
602 64.99 64.50 1200.00 0.04 0.22 0.64
603 64.99 65.00 1200.00 0.03 0.22 0.64
604 64.99 65.00 1200.00 0.03 0.23 0.64
605 64.99 65.00 1200.00 0.03 0.22 0.64
606 64.99 65.00 1200.00 0.03 0.23 0.64
607 64.99 64.50 1200.00 0.04 0.22 0.64
608 64.99 65.00 1200.00 0.03 0.22 0.64
609 64.99 65.00 1200.00 0.03 0.23 0.64
610 64.45 65.00 1200.00 0.03 0.22 0.64
611 64.99 65.00 1200.00 0.03 0.23 0.64
612 64.99 65.00 1200.00 0.03 0.22 0.64
613 64.99 65.00 1200.00 0.03 0.22 0.64
614 64.99 64.50 1200.00 0.03 0.23 0.65
615 64.99 65.50 1200.00 0.03 0.22 0.65
616 64.99 65.00 1200.00 0.03 0.23 0.65
617 65.52 65.00 1200.00 0.04 0.22 0.65
618 65.52 65.00 1200.00 0.03 0.22 0.65
619 65.52 65.00 1200.00 0.03 0.23 0.65
620 64.45 65.50 1200.00 0.04 0.22 0.65
621 64.99 65.50 1200.00 0.03 0.23 0.65
622 64.99 65.00 1200.00 0.04 0.22 0.65
623 64.99 64.50 1200.00 0.03 0.22 0.65
624 64.45 64.50 1200.00 0.03 0.23 0.65
625 64.99 65.00 1200.00 0.03 0.22 0.65
626 64.99 65.00 1200.00 0.03 0.23 0.65
627 64.45 64.50 1200.00 0.04 0.22 0.65
628 64.99 65.00 1200.00 0.03 0.22 0.65
629 64.45 65.00 1200.00 0.03 0.23 0.65
630 64.99 65.00 1200.00 0.03 0.22 0.65
631 65.52 64.50 1200.00 0.03 0.23 0.65
632 64.45 65.00 1200.00 0.03 0.22 0.65
633 64.45 65.00 1200.00 0.03 0.22 0.65
634 64.99 65.50 1200.00 0.03 0.23 0.65
635 64.99 65.50 1200.00 0.03 0.22 0.65
636 64.99 65.00 1200.00 0.03 0.23 0.65
637 64.99 65.00 1200.00 0.03 0.22 0.65
638 64.99 65.50 1200.00 0.03 0.22 0.65
639 65.52 65.00 1200.00 0.03 0.23 0.65
640 64.99 65.00 1200.00 0.03 0.22 0.65
641 65.52 64.50 1200.00 0.03 0.23 0.65
642 64.99 64.50 1200.00 0.02 0.23 0.65
643 65.52 65.00 1200.00 0.03 0.22 0.65
644 64.99 65.00 1200.00 0.03 0.23 0.65
645 65.52 65.00 1200.00 0.03 0.22 0.65
646 64.99 65.50 1200.00 0.03 0.22 0.65
647 64.45 65.00 1200.00 0.03 0.23 0.65
648 64.99 65.00 1200.00 0.03 0.22 0.65
649 64.99 65.00 1200.00 0.03 0.23 0.65
650 65.52 65.00 1200.00 0.02 0.23 0.65
651 64.99 65.50 1200.00 0.03 0.22 0.65
652 64.99 65.50 1200.00 0.03 0.23 0.65
653 64.99 65.00 1200.00 0.03 0.22 0.65
654 64.99 65.50 1200.00 0.03 0.23 0.65
655 65.52 65.00 1200.00 0.03 0.23 0.65
656 65.52 65.00 1200.00 0.03 0.22 0.65
657 64.99 65.50 1200.00 0.03 0.23 0.65
658 65.52 65.50 1200.00 0.03 0.22 0.65
659 64.99 65.00 1200.00 0.03 0.23 0.65
660 65.52 65.00 1200.00 0.03 0.23 0.65
661 65.52 65.00 1200.00 0.03 0.22 0.65
662 65.52 66.10 1200.00 0.03 0.23 0.65
663 65.52 65.00 1200.00 0.03 0.22 0.65
664 65.52 65.50 1200.00 0.03 0.22 0.65
665 64.99 65.50 1200.00 0.02 0.23 0.65
666 65.52 65.50 1200.00 0.03 0.22 0.65
667 65.52 65.50 1200.00 0.03 0.23 0.65
668 64.99 65.50 1200.00 0.03 0.23 0.65
669 65.52 65.50 1200.00 0.03 0.22 0.65
670 64.99 64.50 1200.00 0.03 0.23 0.65
671 64.99 65.00 1200.00 0.03 0.22 0.65
672 65.52 65.50 1200.00 0.03 0.23 0.65
673 64.99 65.50 1200.00 0.02 0.23 0.65
674 65.52 65.50 1200.00 0.03 0.22 0.65
675 64.99 65.00 1200.00 0.03 0.23 0.65
676 64.99 65.00 1200.00 0.03 0.22 0.65
677 65.52 65.00 1200.00 0.03 0.22 0.65
678 64.99 65.00 1200.00 0.02 0.23 0.65
679 65.52 65.50 1200.00 0.03 0.22 0.65
680 64.45 65.50 1199.99 0.03 0.23 0.65
681 65.52 65.00 1200.00 0.03 0.22 0.65
682 65.52 65.50 1200.00 0.03 0.22 0.65
683 64.99 65.50 1200.00 0.02 0.23 0.65
684 64.99 65.50 1200.00 0.03 0.22 0.65
685 65.52 65.50 1200.00 0.03 0.23 0.65
686 64.99 65.50 1200.00 0.04 0.22 0.64
687 65.52 65.50 1200.00 0.03 0.22 0.64
688 65.52 65.00 1200.00 0.03 0.23 0.64
689 64.45 65.50 1200.00 0.03 0.22 0.64
690 64.45 65.00 1200.00 0.03 0.23 0.64
691 65.52 65.00 1200.00 0.04 0.22 0.64
692 65.52 65.50 1200.00 0.03 0.22 0.64
693 65.52 65.50 1200.00 0.03 0.23 0.64
694 65.52 65.50 1200.00 0.03 0.22 0.64
695 65.52 65.50 1200.00 0.03 0.23 0.64
696 65.52 65.50 1200.00 0.04 0.22 0.64
697 64.45 65.50 1200.00 0.03 0.23 0.64
698 65.52 65.00 1200.00 0.03 0.23 0.64
699 64.99 65.50 1200.00 0.03 0.22 0.64
700 65.52 65.50 1200.00 0.03 0.23 0.64
701 64.99 65.50 1200.00 0.03 0.22 0.64
702 65.52 65.00 1200.00 0.03 0.23 0.64
703 65.52 65.00 1200.00 0.02 0.23 0.64
704 65.52 65.50 1200.00 0.03 0.22 0.64
705 65.52 65.00 1200.00 0.03 0.23 0.64
706 65.52 65.50 1200.00 0.03 0.22 0.64
707 65.52 65.00 1200.00 0.03 0.23 0.64
708 65.52 65.00 1200.00 0.02 0.23 0.64
709 65.52 65.50 1200.00 0.03 0.22 0.64
710 65.52 65.50 1200.00 0.03 0.23 0.64
711 64.99 65.50 1200.00 0.03 0.22 0.64
712 65.52 65.50 1200.00 0.03 0.23 0.64
713 64.99 65.00 1200.00 0.02 0.23 0.64
714 65.52 65.50 1200.00 0.03 0.22 0.64
715 64.99 65.50 1200.00 0.03 0.23 0.64
716 65.52 65.50 1200.00 0.03 0.22 0.64
717 65.52 65.50 1200.00 0.03 0.23 0.64
718 65.52 65.50 1200.00 0.02 0.23 0.64
719 64.99 65.50 1200.00 0.03 0.22 0.64
720 64.99 65.50 1200.00 0.03 0.23 0.64
721 64.99 65.50 1200.00 0.03 0.23 0.64
722 65.52 65.50 1200.00 0.03 0.23 0.65
723 65.52 65.50 1200.00 0.03 0.22 0.65
724 65.52 65.50 1200.00 0.03 0.22 0.65
725 65.52 65.50 1200.00 0.02 0.23 0.65
726 64.99 65.50 1200.00 0.03 0.22 0.65
727 65.52 65.50 1200.00 0.03 0.23 0.65
728 65.52 65.50 1200.00 0.03 0.22 0.65
729 65.52 65.50 1200.00 0.03 0.23 0.65
730 65.52 65.00 1200.00 0.02 0.23 0.65
731 64.99 65.50 1200.00 0.03 0.22 0.65
732 65.52 64.50 1200.00 0.03 0.23 0.65
733 65.52 65.00 1200.00 0.03 0.22 0.65
734 64.99 65.50 1200.00 0.03 0.23 0.65
735 65.52 65.50 1200.00 0.02 0.23 0.65
736 65.52 65.50 1200.00 0.03 0.22 0.65
737 65.52 65.50 1200.00 0.02 0.23 0.65
738 65.52 65.00 1200.00 0.03 0.22 0.65
739 65.52 65.50 1200.00 0.03 0.23 0.65
740 65.52 65.50 1200.00 0.02 0.23 0.65
741 65.52 65.50 1200.00 0.03 0.22 0.65
742 65.52 65.00 1200.00 0.02 0.23 0.65
743 64.99 65.00 1200.00 0.03 0.23 0.65
744 66.06 65.50 1200.00 0.03 0.23 0.65
745 65.52 65.50 1200.00 0.02 0.23 0.65
746 65.52 65.50 1200.00 0.03 0.22 0.65
747 65.52 66.10 1200.00 0.02 0.23 0.65
748 65.52 65.50 1200.00 0.03 0.22 0.65
749 65.52 65.50 1200.00 0.03 0.22 0.65
750 65.52 65.50 1200.00 0.03 0.23 0.65
751 65.52 65.50 1200.00 0.03 0.22 0.65
752 65.52 65.50 1200.00 0.03 0.23 0.65
753 65.52 65.50 1200.00 0.02 0.23 0.65
754 64.99 66.10 1200.00 0.03 0.23 0.65
755 65.52 65.00 1200.00 0.02 0.23 0.65
756 65.52 65.50 1200.00 0.03 0.22 0.65
757 65.52 65.50 1200.00 0.03 0.23 0.65
758 65.52 65.50 1200.00 0.02 0.23 0.65
759 65.52 65.50 1200.00 0.03 0.23 0.65
760 65.52 65.50 1200.00 0.03 0.23 0.65
761 65.52 65.50 1200.00 0.03 0.22 0.65
762 65.52 65.50 1200.00 0.03 0.23 0.65
763 65.52 65.50 1200.00 0.02 0.23 0.65
764 66.06 65.50 1200.00 0.03 0.22 0.65
765 65.52 65.50 1200.00 0.03 0.23 0.65
766 65.52 65.50 1200.00 0.03 0.22 0.65
767 65.52 66.10 1200.00 0.03 0.23 0.65
768 64.99 65.50 1200.00 0.03 0.23 0.64
769 65.52 65.50 1200.00 0.03 0.23 0.64
770 65.52 65.50 1200.00 0.03 0.23 0.64
771 65.52 65.50 1200.00 0.04 0.22 0.64
772 66.06 65.50 1200.00 0.03 0.23 0.64
773 65.52 65.50 1200.00 0.03 0.23 0.64
774 65.52 65.50 1200.00 0.03 0.22 0.64
775 65.52 65.50 1200.00 0.03 0.23 0.64
776 65.52 66.10 1200.00 0.03 0.23 0.64
777 65.52 65.50 1200.00 0.03 0.23 0.64
778 65.52 65.50 1200.00 0.03 0.23 0.64
779 64.99 65.50 1200.00 0.02 0.24 0.64
780 66.60 65.50 1200.00 0.03 0.23 0.64
781 65.52 65.50 1200.00 0.03 0.23 0.64
782 65.52 65.50 1200.00 0.03 0.23 0.64
783 65.52 65.50 1200.00 0.03 0.23 0.64
784 65.52 65.50 1200.00 0.02 0.24 0.64
785 65.52 65.50 1200.00 0.03 0.23 0.64
786 65.52 65.50 1200.00 0.03 0.23 0.64
787 65.52 65.50 1200.00 0.04 0.22 0.64
788 66.06 65.50 1200.00 0.03 0.23 0.64
789 65.52 65.50 1200.00 0.03 0.23 0.64
790 65.52 65.50 1200.00 0.03 0.22 0.64
791 65.52 65.50 1200.00 0.03 0.23 0.64
792 66.06 66.10 1200.00 0.03 0.24 0.64
793 65.52 65.50 1200.00 0.03 0.23 0.64
794 65.52 66.10 1200.00 0.03 0.23 0.64
795 65.52 65.50 1200.00 0.03 0.23 0.64
796 65.52 66.10 1200.00 0.03 0.23 0.64
797 65.52 66.10 1200.00 0.02 0.23 0.64
798 64.99 65.50 1200.00 0.03 0.23 0.64
799 65.52 65.50 1200.00 0.03 0.23 0.64
800 65.52 66.10 1200.00 0.03 0.23 0.64
801 66.06 65.50 1200.00 0.03 0.23 0.64
802 65.52 66.10 1200.00 0.02 0.23 0.64
803 65.52 66.10 1200.00 0.03 0.23 0.64
804 65.52 65.50 1200.00 0.03 0.23 0.64
805 65.52 65.50 1200.00 0.03 0.23 0.64
806 65.52 65.50 1200.00 0.03 0.23 0.64
807 65.52 66.10 1200.00 0.03 0.22 0.64
808 66.06 66.60 1200.00 0.03 0.23 0.64
809 65.52 66.10 1200.00 0.02 0.23 0.64
810 65.52 66.10 1200.00 0.03 0.23 0.64
811 66.06 65.50 1200.00 0.03 0.23 0.64
812 66.06 66.10 1200.00 0.03 0.22 0.64
813 66.06 65.50 1200.00 0.03 0.23 0.64
814 65.52 66.10 1200.00 0.02 0.23 0.64
815 65.52 66.10 1200.00 0.03 0.23 0.64
816 65.52 65.50 1200.00 0.03 0.23 0.64
817 66.06 66.10 1200.00 0.03 0.22 0.64
818 66.06 65.50 1200.00 0.03 0.23 0.64
819 65.52 65.50 1200.00 0.02 0.23 0.64
820 65.52 66.10 1200.00 0.03 0.23 0.64
821 65.52 65.50 1200.00 0.03 0.23 0.64
822 65.52 65.50 1200.00 0.03 0.22 0.64
823 65.52 65.50 1200.00 0.03 0.23 0.64
824 66.06 66.10 1200.00 0.02 0.23 0.64
825 66.60 66.60 1200.00 0.03 0.23 0.64
826 65.52 66.10 1200.00 0.03 0.23 0.64
827 65.52 66.10 1200.00 0.02 0.24 0.64
828 65.52 66.60 1200.00 0.03 0.23 0.64
829 66.06 65.50 1200.00 0.02 0.23 0.64
830 66.06 65.50 1200.00 0.03 0.23 0.64
831 65.52 66.60 1200.00 0.03 0.23 0.64
832 65.52 66.10 1200.00 0.04 0.23 0.64
833 66.06 65.50 1200.00 0.03 0.23 0.64
834 66.06 66.10 1200.00 0.03 0.23 0.64
835 66.06 65.50 1200.00 0.04 0.23 0.64
836 65.52 66.10 1200.00 0.03 0.23 0.64
837 65.52 65.50 800.00 0.04 0.23 0.64
838 65.52 65.50 1200.00 0.03 0.23 0.64
839 64.99 65.50 1200.00 0.03 0.23 0.64
840 65.52 65.50 1200.00 0.04 0.23 0.64
841 65.52 65.50 1200.00 0.03 0.23 0.64
842 65.52 65.00 1200.00 0.04 0.23 0.64
843 65.52 66.10 1200.00 0.03 0.23 0.64
844 65.52 65.00 1200.00 0.03 0.23 0.64
845 65.52 65.50 1200.00 0.04 0.22 0.64
846 65.52 65.50 1200.00 0.04 0.23 0.64
847 65.52 65.50 1200.00 0.03 0.23 0.64
848 65.52 65.50 1200.00 0.03 0.23 0.64
849 64.99 65.50 1200.00 0.03 0.23 0.64
850 66.06 66.10 1200.00 0.03 0.23 0.64
851 65.52 65.50 1200.00 0.04 0.23 0.64
852 65.52 66.60 1200.00 0.03 0.23 0.64
853 66.06 66.10 1200.00 0.03 0.23 0.64
854 66.06 65.50 1200.00 0.03 0.23 0.64
855 66.06 66.60 1199.99 0.03 0.23 0.64
856 65.52 66.10 1200.00 0.03 0.24 0.64
857 66.60 66.10 1200.00 0.03 0.23 0.64
858 66.06 65.50 1200.00 0.03 0.23 0.64
859 65.52 66.10 1200.00 0.03 0.23 0.64
860 66.06 66.10 1200.00 0.03 0.23 0.64
861 66.06 66.60 1200.00 0.03 0.24 0.64
862 65.52 65.50 1200.00 0.03 0.23 0.64
863 66.06 65.50 1200.00 0.03 0.23 0.64
864 65.52 66.10 1200.00 0.04 0.22 0.64
865 66.60 66.10 1200.00 0.03 0.23 0.64
866 65.52 65.50 1200.00 0.03 0.24 0.64
867 66.06 66.60 1200.00 0.03 0.23 0.64
868 66.06 65.50 1200.00 0.03 0.23 0.64
869 65.52 66.60 1200.00 0.04 0.23 0.64
870 66.06 66.10 1200.00 0.03 0.23 0.64
871 66.60 66.10 1200.00 0.03 0.24 0.64
872 66.06 66.10 1200.00 0.03 0.23 0.64
873 66.06 66.10 1200.00 0.03 0.23 0.64
874 66.06 65.50 1200.00 0.02 0.24 0.64
875 66.60 66.60 1200.00 0.03 0.23 0.64
876 66.60 66.60 1200.00 0.03 0.24 0.64
877 66.06 66.10 1200.00 0.03 0.23 0.64
878 65.52 66.60 1200.00 0.03 0.23 0.64
879 66.60 65.50 1200.00 0.02 0.24 0.64
880 66.06 65.50 1200.00 0.03 0.23 0.64
881 66.60 65.50 1200.00 0.03 0.23 0.64
882 66.06 66.60 1200.00 0.03 0.23 0.64
883 66.60 66.10 1200.00 0.03 0.23 0.64
884 66.06 65.50 1200.00 0.03 0.23 0.64
885 66.06 66.60 1200.00 0.03 0.23 0.64
886 65.52 65.50 1200.00 0.03 0.24 0.64
887 66.60 66.60 1200.00 0.03 0.23 0.64
888 66.60 66.10 1200.00 0.03 0.23 0.64
889 66.60 65.50 1199.99 0.03 0.23 0.64
890 65.52 66.10 1199.99 0.03 0.23 0.64
891 66.60 66.60 1200.00 0.02 0.24 0.64
892 66.06 66.60 1200.00 0.03 0.23 0.64
893 65.52 66.10 1200.00 0.03 0.23 0.64
894 65.52 65.50 1200.00 0.03 0.23 0.64
895 65.52 65.50 1200.00 0.03 0.23 0.64
896 66.06 65.50 1200.00 0.02 0.24 0.64
897 65.52 66.60 1200.00 0.03 0.23 0.64
898 66.06 65.50 1200.00 0.03 0.23 0.64
899 66.06 66.60 1200.00 0.02 0.24 0.64
900 66.60 66.10 1200.00 0.03 0.23 0.64
901 66.06 66.10 1200.00 0.02 0.24 0.64
902 66.06 66.10 1200.00 0.03 0.23 0.64
903 66.60 66.10 1200.00 0.03 0.23 0.64
904 66.60 66.60 1200.00 0.02 0.24 0.64
905 66.60 66.60 1200.00 0.03 0.23 0.64
906 66.60 65.50 1200.00 0.02 0.23 0.64
907 66.06 66.10 1200.00 0.03 0.23 0.64
908 66.60 66.60 1200.00 0.03 0.23 0.64
909 66.06 66.60 1200.00 0.02 0.24 0.64
910 66.60 66.60 1200.00 0.03 0.23 0.64
911 66.60 66.60 1200.00 0.03 0.23 0.64
912 66.06 65.50 1200.00 0.02 0.24 0.64
913 66.60 66.60 1200.00 0.03 0.23 0.64
914 66.60 66.60 1200.00 0.02 0.24 0.64
915 66.60 66.60 1200.00 0.03 0.24 0.64
916 65.52 66.60 1200.00 0.02 0.24 0.64
917 66.06 66.60 1200.00 0.05 0.23 0.62
918 66.60 66.60 1200.00 0.05 0.23 0.62
919 66.60 66.60 1200.00 0.04 0.24 0.62
920 66.60 66.60 1200.00 0.05 0.23 0.62
921 66.60 66.10 1200.00 0.04 0.24 0.62
922 66.60 65.50 1200.00 0.05 0.23 0.62
923 66.60 66.10 1200.00 0.05 0.23 0.62
924 66.06 66.60 1200.00 0.04 0.24 0.62
925 66.60 67.10 1200.00 0.05 0.23 0.62
926 66.60 67.10 1200.00 0.04 0.23 0.62
927 66.60 66.60 1200.00 0.04 0.24 0.62
928 66.60 66.60 1200.00 0.05 0.23 0.62
929 66.60 66.60 1200.00 0.04 0.24 0.62
930 66.60 66.10 1200.00 0.05 0.23 0.62
931 66.06 66.60 1200.00 0.05 0.23 0.62
932 66.60 66.60 1200.00 0.04 0.24 0.62
933 66.60 66.60 1199.99 0.04 0.23 0.62
934 66.60 66.60 1200.00 0.04 0.24 0.62
935 66.60 67.10 1200.00 0.05 0.23 0.62
936 66.60 66.60 1200.00 0.04 0.23 0.62
937 66.60 66.10 1200.00 0.04 0.24 0.62
938 66.60 65.50 1200.00 0.05 0.23 0.62
939 66.06 66.60 1200.00 0.04 0.24 0.62
940 65.52 66.60 1200.00 0.05 0.23 0.62
941 66.60 66.60 1200.00 0.05 0.23 0.62
942 66.60 66.60 1200.00 0.04 0.24 0.62
943 66.60 66.60 1200.00 0.05 0.23 0.62
944 66.60 66.60 1200.00 0.04 0.24 0.62
945 66.60 66.60 1200.00 0.05 0.23 0.62
946 66.60 66.60 1200.00 0.05 0.23 0.62
947 66.60 65.50 1200.00 0.04 0.24 0.62
948 66.60 66.60 1200.00 0.05 0.23 0.62
949 66.60 66.60 1200.00 0.04 0.24 0.62
950 66.06 66.60 1200.00 0.05 0.24 0.62
951 66.60 66.10 1200.00 0.05 0.23 0.62
952 66.60 67.10 1200.00 0.04 0.24 0.62
953 66.60 66.60 1200.00 0.04 0.23 0.62
954 66.06 66.60 1200.00 0.04 0.24 0.62
955 66.60 66.10 1200.00 0.04 0.24 0.62
956 66.60 66.60 1200.00 0.05 0.23 0.62
957 66.60 66.60 1200.00 0.04 0.24 0.62
958 66.60 66.10 1200.00 0.04 0.23 0.62
959 66.60 66.60 1200.00 0.04 0.23 0.62
960 65.52 66.60 1200.00 0.04 0.24 0.62
961 66.60 66.60 1200.00 0.05 0.23 0.62
962 66.60 67.10 1200.00 0.04 0.24 0.62
963 66.06 66.60 1200.00 0.04 0.23 0.62
964 66.60 66.10 1200.00 0.04 0.24 0.62
965 66.60 66.60 1200.00 0.04 0.24 0.62
966 66.60 66.10 1200.00 0.04 0.23 0.62
967 66.60 66.60 1200.00 0.04 0.24 0.62
968 66.06 66.60 1200.00 0.04 0.23 0.62
969 66.60 66.60 1200.00 0.04 0.23 0.62
970 66.06 66.60 1200.00 0.04 0.24 0.62
971 65.52 66.60 1200.00 0.04 0.23 0.62
972 66.06 66.60 1200.00 0.04 0.24 0.62
973 66.06 66.10 1200.00 0.04 0.24 0.62
974 66.60 66.60 1200.00 0.04 0.23 0.62
975 66.06 66.60 1200.00 0.04 0.24 0.62
976 66.60 66.60 1200.00 0.05 0.23 0.62
977 66.60 66.10 1200.00 0.04 0.23 0.62
978 66.60 66.10 1200.00 0.04 0.24 0.62
979 66.60 66.60 1200.00 0.04 0.23 0.62
980 66.60 65.50 1200.00 0.04 0.24 0.62
981 65.52 66.60 1200.00 0.04 0.24 0.62
982 66.60 66.10 1200.00 0.04 0.23 0.62
983 66.60 66.60 1200.00 0.04 0.24 0.62
984 66.60 66.60 1200.00 0.05 0.24 0.62
985 66.60 66.10 1200.00 0.04 0.23 0.63
986 66.60 66.60 1200.00 0.04 0.24 0.63
987 66.60 66.10 1200.00 0.05 0.23 0.63
988 66.60 66.60 1200.00 0.04 0.23 0.63
989 66.60 66.10 1200.00 0.04 0.24 0.63
990 66.60 66.60 1200.00 0.04 0.23 0.63
991 66.06 67.10 1200.00 0.04 0.24 0.63
992 66.60 66.60 1200.00 0.03 0.24 0.63
993 66.60 66.60 1200.00 0.04 0.23 0.63
994 67.14 66.60 1200.00 0.04 0.24 0.63
995 66.60 66.60 1200.00 0.03 0.24 0.63
996 66.60 66.10 1200.00 0.04 0.23 0.63
997 66.60 67.10 1200.00 0.04 0.24 0.63
998 66.06 66.60 1200.00 0.04 0.23 0.63
999 66.60 66.10 1200.00 0.04 0.24 0.63
1000 66.60 66.60 1200.00 0.03 0.24 0.63
1001 66.60 66.60 1200.00 0.04 0.23 0.63
1002 66.60 67.10 1200.00 0.04 0.23 0.63
1003 66.60 66.60 1200.00 0.03 0.24 0.63
1004 66.60 66.60 1200.00 0.04 0.24 0.63
1005 66.60 66.60 1200.00 0.03 0.24 0.63
1006 66.60 66.60 1200.00 0.03 0.24 0.63
1007 66.60 66.60 1200.00 0.04 0.23 0.63
1008 66.60 65.50 1200.00 0.03 0.24 0.63
1009 66.60 66.60 1200.00 0.03 0.24 0.63
1010 66.60 66.60 1200.00 0.04 0.23 0.63
1011 66.60 66.60 1200.00 0.04 0.24 0.63
1012 66.60 66.10 1200.00 0.03 0.24 0.63
1013 66.06 66.60 1200.00 0.04 0.23 0.63
1014 66.60 66.60 1200.00 0.04 0.24 0.63
1015 65.52 66.60 1199.99 0.03 0.24 0.63
1016 66.60 66.60 1200.00 0.04 0.23 0.63
1017 66.60 67.10 1200.00 0.03 0.24 0.63
1018 67.14 66.60 1200.00 0.04 0.23 0.63
1019 66.60 66.60 1200.00 0.04 0.23 0.63
1020 66.06 66.60 1200.00 0.03 0.24 0.63
1021 66.60 66.60 1200.00 0.04 0.23 0.63
1022 66.60 66.60 1200.00 0.04 0.23 0.63
1023 66.60 66.60 1200.00 0.03 0.24 0.63
1024 66.60 66.10 1200.00 0.04 0.23 0.63
1025 66.60 66.60 1200.00 0.03 0.24 0.63
1026 66.60 66.60 1200.00 0.04 0.23 0.63
1027 66.60 66.60 1200.00 0.04 0.23 0.63
1028 66.60 66.60 1200.00 0.03 0.24 0.63
1029 66.60 67.10 1200.00 0.04 0.23 0.63
1030 66.60 67.10 1200.00 0.04 0.23 0.63
1031 66.60 66.60 1200.00 0.03 0.24 0.63
1032 66.60 66.60 1200.00 0.03 0.24 0.63
1033 67.14 66.60 1200.00 0.03 0.24 0.63
1034 66.60 66.60 1200.00 0.03 0.24 0.63
1035 66.60 67.10 1200.00 0.04 0.23 0.63
1036 66.60 66.60 1200.00 0.03 0.24 0.63
1037 66.60 66.60 1200.00 0.04 0.23 0.63
1038 66.60 67.10 1200.00 0.03 0.24 0.63
1039 67.14 66.60 1199.99 0.03 0.24 0.63
1040 65.52 65.50 600.00 0.04 0.23 0.63
1041 66.60 65.50 1200.00 0.04 0.23 0.63
1042 66.60 66.60 1200.00 0.03 0.23 0.63
1043 66.60 66.10 1200.00 0.03 0.24 0.63
1044 66.06 66.60 1200.00 0.03 0.24 0.63
1045 65.52 66.10 1200.00 0.04 0.23 0.63
1046 66.06 65.50 1199.99 0.03 0.24 0.63
1047 65.52 65.50 1200.00 0.03 0.24 0.63
1048 66.06 66.10 1200.00 0.04 0.23 0.63
1049 65.52 66.10 1200.00 0.04 0.23 0.63
1050 65.52 65.50 1200.00 0.03 0.24 0.63
1051 65.52 65.50 1200.00 0.04 0.23 0.63
1052 66.60 66.10 1200.00 0.03 0.24 0.63
1053 66.06 66.10 1200.00 0.03 0.24 0.63
1054 66.06 65.50 1200.00 0.03 0.24 0.63
1055 65.52 66.10 1200.00 0.03 0.24 0.63
1056 65.52 66.60 1200.00 0.04 0.24 0.63
1057 66.60 66.60 1200.00 0.03 0.24 0.63
1058 65.52 65.50 1200.00 0.04 0.23 0.63
1059 64.99 65.50 1200.00 0.03 0.24 0.63
1060 65.52 66.10 1200.00 0.03 0.24 0.63
1061 66.06 66.10 1200.00 0.03 0.23 0.63
1062 65.52 66.60 1200.00 0.03 0.24 0.63
1063 65.52 66.60 1200.00 0.04 0.23 0.63
1064 66.60 66.10 1200.00 0.03 0.24 0.63
1065 66.60 65.50 1200.00 0.04 0.23 0.63
1066 66.60 66.10 1200.00 0.03 0.23 0.63
1067 66.60 66.10 1200.00 0.03 0.24 0.63
1068 65.52 66.10 1200.00 0.03 0.23 0.63
1069 66.60 66.60 1200.00 0.03 0.24 0.63
1070 66.06 66.60 1200.00 0.03 0.24 0.63
1071 66.60 66.60 1200.00 0.03 0.24 0.63
1072 66.60 66.60 1200.00 0.03 0.24 0.63
1073 66.60 66.10 1200.00 0.04 0.23 0.63
1074 66.60 66.60 1200.00 0.03 0.24 0.63
1075 66.60 66.60 1200.00 0.03 0.24 0.63
1076 66.60 66.60 1200.00 0.03 0.23 0.63
1077 66.60 66.10 1200.00 0.03 0.24 0.63
1078 66.60 66.60 1200.00 0.03 0.23 0.63
1079 66.60 66.60 1200.00 0.03 0.24 0.63
1080 66.60 66.60 1200.00 0.03 0.24 0.63
1081 66.60 66.60 1200.00 0.03 0.24 0.63
1082 66.60 66.60 1200.00 0.03 0.24 0.63
1083 66.60 66.60 1200.00 0.04 0.24 0.63
1084 66.60 66.60 1200.00 0.03 0.24 0.63
1085 66.60 66.10 1200.00 0.03 0.24 0.63
1086 66.60 66.60 1200.00 0.03 0.24 0.63
1087 66.60 66.60 1200.00 0.03 0.24 0.63
1088 66.60 66.60 1200.00 0.03 0.23 0.63
1089 66.60 66.60 1200.00 0.03 0.24 0.63
1090 66.06 66.60 1200.00 0.03 0.24 0.63
1091 66.60 65.50 1200.00 0.03 0.24 0.63
1092 66.60 66.60 1200.00 0.03 0.24 0.63
1093 66.60 66.60 1200.00 0.03 0.24 0.63
1094 66.60 66.60 1200.00 0.03 0.24 0.63
1095 66.60 66.60 1200.00 0.02 0.24 0.63
1096 66.60 66.60 1200.00 0.03 0.24 0.63
1097 66.60 66.60 1200.00 0.03 0.24 0.63
1098 66.60 66.60 1200.00 0.03 0.24 0.63
1099 66.60 66.60 1200.00 0.03 0.24 0.63
1100 66.60 66.60 1200.00 0.03 0.24 0.63
1101 66.60 66.60 1200.00 0.03 0.24 0.63
1102 65.52 66.60 1200.00 0.03 0.24 0.63
1103 66.60 66.60 1200.00 0.02 0.24 0.63
1104 67.14 66.60 1200.00 0.03 0.24 0.63
1105 66.60 66.60 1200.00 0.03 0.24 0.63
1106 66.60 66.60 1200.00 0.02 0.24 0.63
1107 66.60 66.60 1200.00 0.03 0.24 0.63
1108 66.06 66.60 1200.00 0.03 0.24 0.63
1109 67.14 66.60 1200.00 0.03 0.24 0.63
1110 67.14 67.10 1200.00 0.03 0.24 0.63
1111 66.60 66.60 1200.00 0.02 0.24 0.63
1112 66.60 66.60 1200.00 0.03 0.24 0.63
1113 66.60 66.60 1200.00 0.03 0.24 0.63
1114 66.60 66.60 1200.00 0.02 0.24 0.63
1115 66.60 67.10 1199.99 0.03 0.24 0.63
1116 67.14 66.60 1200.00 0.02 0.24 0.63
1117 66.60 66.60 1200.00 0.02 0.25 0.63
1118 66.60 66.60 1200.00 0.03 0.24 0.63
1119 66.60 66.60 1200.00 0.02 0.24 0.63
1120 66.60 66.60 1200.00 0.03 0.24 0.63
1121 66.60 67.10 1200.00 0.03 0.24 0.63
1122 66.60 67.10 1200.00 0.02 0.24 0.63
1123 66.60 66.60 1200.00 0.03 0.24 0.63
1124 66.60 67.10 1200.00 0.02 0.24 0.64
1125 66.60 66.60 1200.00 0.03 0.24 0.63
1126 66.60 66.60 1200.00 0.03 0.24 0.63
1127 66.60 66.60 1200.00 0.03 0.25 0.63
1128 66.60 66.60 1200.00 0.03 0.24 0.63
1129 66.60 66.60 1200.00 0.03 0.24 0.63
1130 67.14 66.60 1200.00 0.03 0.24 0.63
1131 66.60 66.60 1200.00 0.03 0.24 0.63
1132 66.60 66.60 1200.00 0.02 0.25 0.63
1133 66.60 66.60 1200.00 0.03 0.24 0.63
1134 66.60 66.60 1200.00 0.03 0.24 0.63
1135 66.60 67.10 1200.00 0.03 0.24 0.63
1136 66.60 66.60 1200.00 0.03 0.24 0.63
1137 66.60 66.60 1200.00 0.02 0.25 0.63
1138 67.14 66.60 1200.00 0.03 0.24 0.63
1139 66.60 66.60 1200.00 0.03 0.24 0.63
1140 67.14 66.60 1200.00 0.03 0.24 0.63
1141 66.60 66.60 1199.99 0.03 0.24 0.63
1142 66.60 66.60 1200.00 0.04 0.24 0.63
1143 66.60 66.60 1200.00 0.03 0.24 0.63
1144 67.14 66.60 1200.00 0.03 0.24 0.63
1145 66.60 66.60 1200.00 0.03 0.24 0.63
1146 66.06 66.60 1200.00 0.03 0.24 0.63
1147 66.60 66.60 1200.00 0.02 0.25 0.63
1148 67.14 66.60 1200.00 0.03 0.24 0.63
1149 66.60 67.10 1200.00 0.03 0.24 0.63
1150 66.60 66.60 1200.00 0.03 0.24 0.63
1151 66.60 66.60 1200.00 0.03 0.24 0.63
1152 66.60 66.60 1200.00 0.02 0.25 0.63
1153 66.60 66.10 1200.00 0.03 0.24 0.63
1154 66.60 66.60 1200.00 0.03 0.24 0.63
1155 67.14 65.50 1200.00 0.03 0.24 0.63
1156 66.60 67.10 1200.00 0.03 0.24 0.63
1157 66.60 66.60 1200.00 0.04 0.24 0.62
1158 66.60 66.60 1200.00 0.03 0.25 0.62
1159 66.60 66.60 1200.00 0.04 0.24 0.62
1160 66.06 66.60 1200.00 0.04 0.24 0.62
1161 66.60 66.60 1200.00 0.03 0.25 0.62
1162 66.06 66.60 1200.00 0.04 0.24 0.62
1163 66.60 66.60 1200.00 0.04 0.24 0.62
1164 66.60 66.60 1200.00 0.04 0.24 0.62
1165 66.60 66.60 1200.00 0.04 0.24 0.62
1166 66.60 66.60 1200.00 0.03 0.24 0.62
1167 66.60 66.60 1200.00 0.04 0.24 0.62
1168 66.60 66.60 999.99 0.04 0.24 0.62
1169 66.60 66.60 1200.00 0.04 0.25 0.62
1170 66.60 66.60 1200.00 0.04 0.24 0.62
1171 66.60 66.60 1199.99 0.04 0.24 0.62
1172 66.60 66.60 1200.00 0.03 0.24 0.62
1173 66.60 66.60 1200.00 0.04 0.24 0.62
1174 66.60 66.60 1200.00 0.04 0.24 0.62
1175 66.60 66.60 1200.00 0.03 0.25 0.62
1176 66.60 66.60 1200.00 0.04 0.24 0.62
1177 66.60 66.60 1200.00 0.03 0.24 0.62
1178 66.60 66.60 1200.00 0.04 0.24 0.62
1179 66.60 66.60 1200.00 0.03 0.24 0.62
1180 65.52 66.60 1200.00 0.03 0.25 0.62
1181 66.60 66.60 1200.00 0.04 0.24 0.62
1182 66.60 66.60 1200.00 0.03 0.24 0.62
1183 66.60 66.60 1200.00 0.04 0.24 0.62
1184 66.60 66.60 1200.00 0.03 0.24 0.62
1185 66.60 66.60 1200.00 0.04 0.24 0.62
1186 66.60 66.60 1200.00 0.04 0.24 0.62
1187 66.60 66.60 1200.00 0.03 0.24 0.62
1188 66.60 66.60 1200.00 0.04 0.24 0.62
1189 66.60 66.60 1200.00 0.03 0.24 0.62
1190 66.60 66.60 1200.00 0.03 0.25 0.62
1191 66.60 66.60 1199.99 0.04 0.24 0.62
1192 66.60 66.60 1200.00 0.03 0.25 0.62
1193 66.60 66.60 1200.00 0.04 0.24 0.62
1194 66.60 66.60 1200.00 0.03 0.24 0.62
1195 66.60 66.60 1200.00 0.03 0.25 0.62
1196 66.60 67.10 1200.00 0.04 0.24 0.62
1197 66.60 66.60 1200.00 0.03 0.24 0.62
1198 66.06 66.60 1200.00 0.04 0.24 0.62
1199 66.60 66.60 1200.00 0.04 0.24 0.62
1200 66.60 66.60 1200.00 0.03 0.25 0.62
1201 66.60 66.60 1199.99 0.04 0.24 0.62
1202 66.60 67.10 1200.00 0.03 0.24 0.62
1203 66.60 66.10 1200.00 0.04 0.25 0.62
1204 66.60 66.60 1200.00 0.04 0.24 0.62
1205 66.60 66.60 1200.00 0.03 0.24 0.62
1206 66.60 66.60 1200.00 0.04 0.24 0.62
1207 66.60 66.60 1200.00 0.03 0.24 0.62
1208 66.60 66.60 1200.00 0.04 0.24 0.62
1209 66.60 67.10 1200.00 0.04 0.24 0.62
1210 67.14 66.60 1200.00 0.03 0.25 0.62
1211 67.14 66.60 1200.00 0.04 0.24 0.62
1212 65.52 66.60 1200.00 0.03 0.24 0.62
1213 66.60 66.60 1200.00 0.03 0.25 0.62
1214 66.60 66.60 1200.00 0.04 0.24 0.62
1215 66.06 66.60 1200.00 0.03 0.24 0.62
1216 66.60 66.60 1200.00 0.04 0.24 0.62
1217 66.60 66.60 1200.00 0.03 0.24 0.62
1218 66.60 66.60 1200.00 0.03 0.25 0.62
1219 66.60 66.60 1200.00 0.03 0.24 0.62
1220 66.60 66.60 1200.00 0.03 0.24 0.63
1221 66.60 66.60 1200.00 0.03 0.25 0.63
1222 66.60 67.10 1200.00 0.03 0.24 0.63
1223 66.60 67.10 1200.00 0.03 0.24 0.63
1224 66.60 66.60 1200.00 0.03 0.24 0.63
1225 66.60 67.10 1200.00 0.03 0.24 0.63
1226 66.60 66.60 1200.00 0.02 0.25 0.63
1227 66.60 66.60 1200.00 0.03 0.24 0.63
1228 66.60 66.60 1200.00 0.03 0.24 0.63
1229 66.60 66.60 1200.00 0.02 0.25 0.63
1230 66.60 66.60 1200.00 0.03 0.24 0.63
1231 66.60 66.60 1200.00 0.03 0.24 0.63
1232 66.60 66.60 1200.00 0.02 0.25 0.63
1233 66.60 66.60 1200.00 0.03 0.24 0.63
1234 66.60 66.60 1200.00 0.03 0.24 0.63
1235 66.60 66.60 1200.00 0.04 0.24 0.63
1236 67.14 66.60 1200.00 0.03 0.24 0.63
1237 66.60 66.60 1200.00 0.03 0.25 0.63
1238 66.60 66.60 1200.00 0.03 0.24 0.63
1239 66.60 66.60 1200.00 0.03 0.25 0.63
1240 66.60 66.60 1200.00 0.04 0.24 0.63
1241 66.60 66.60 1200.00 0.03 0.24 0.63
1242 66.60 66.60 1200.00 0.03 0.25 0.63
1243 67.14 66.60 1200.00 0.03 0.24 0.63
1244 66.60 66.60 1200.00 0.03 0.25 0.63
1245 66.60 66.60 1200.00 0.03 0.24 0.63
1246 66.60 66.60 1200.00 0.03 0.24 0.63
1247 66.60 66.60 1200.00 0.03 0.25 0.63
1248 66.60 66.60 1200.00 0.03 0.24 0.63
1249 66.06 66.60 1200.00 0.03 0.25 0.63
1250 66.60 66.60 1200.00 0.03 0.24 0.63
1251 66.06 66.60 1200.00 0.03 0.24 0.63
1252 66.60 66.60 1200.00 0.03 0.25 0.63
1253 66.60 66.10 1200.00 0.03 0.24 0.63
1254 66.60 67.10 1200.00 0.03 0.24 0.63
1255 66.60 66.60 1200.00 0.02 0.25 0.63
1256 66.60 66.60 1200.00 0.03 0.24 0.63
1257 66.60 66.60 1200.00 0.03 0.25 0.63
1258 66.60 66.60 1200.00 0.03 0.24 0.63
1259 66.60 66.60 1200.00 0.03 0.24 0.63
1260 66.60 66.60 1200.00 0.02 0.25 0.63
1261 66.60 67.10 1200.00 0.03 0.24 0.63
1262 66.60 66.60 1200.00 0.03 0.24 0.63
1263 66.60 66.60 1200.00 0.02 0.25 0.63
1264 66.60 66.60 1200.00 0.03 0.24 0.63
1265 66.60 66.60 1200.00 0.02 0.25 0.63
1266 67.14 66.60 1200.00 0.03 0.25 0.63
1267 66.60 66.60 1200.00 0.03 0.24 0.63
1268 66.60 67.10 1200.00 0.02 0.25 0.63
1269 66.60 66.60 1200.00 0.04 0.24 0.62
1270 67.14 66.60 1200.00 0.04 0.24 0.62
1271 66.60 66.60 1200.00 0.03 0.24 0.62
1272 66.60 66.60 1200.00 0.03 0.25 0.62
1273 66.60 66.60 1200.00 0.03 0.24 0.62
1274 66.60 66.60 1200.00 0.03 0.25 0.63
1275 66.60 65.50 1200.00 0.03 0.24 0.63
1276 66.60 66.60 1200.00 0.03 0.24 0.63
1277 66.60 66.60 1200.00 0.03 0.25 0.63
1278 66.60 66.60 1200.00 0.03 0.24 0.63
1279 66.60 66.60 1200.00 0.03 0.25 0.63
1280 67.14 66.60 1200.00 0.02 0.25 0.63
1281 66.60 66.60 1200.00 0.03 0.24 0.63
1282 66.06 66.60 1200.00 0.03 0.25 0.63
1283 66.60 66.60 1200.00 0.03 0.24 0.63
1284 67.14 66.60 1200.00 0.03 0.24 0.63
1285 66.60 66.10 1200.00 0.03 0.25 0.63
1286 66.60 66.60 1200.00 0.03 0.24 0.63
1287 66.60 66.60 1200.00 0.03 0.25 0.63
1288 66.60 66.60 1200.00 0.03 0.25 0.63
1289 67.14 67.70 1200.00 0.03 0.24 0.63
1290 66.60 66.60 1200.00 0.03 0.25 0.63
1291 66.60 67.10 1200.00 0.03 0.24 0.63
1292 66.60 67.10 1200.00 0.03 0.25 0.63
1293 66.60 66.60 1200.00 0.02 0.25 0.63
1294 66.60 66.60 1200.00 0.03 0.24 0.63
1295 67.14 66.60 1200.00 0.03 0.25 0.63
1296 66.60 67.10 1200.00 0.03 0.24 0.63
1297 66.60 66.60 1200.00 0.03 0.24 0.63
1298 66.60 67.10 1200.00 0.03 0.25 0.63
1299 66.60 67.10 1200.00 0.03 0.24 0.63
1300 67.14 67.10 1200.00 0.03 0.24 0.63
1301 66.60 66.60 1200.00 0.02 0.25 0.63
1302 66.60 66.60 1200.00 0.03 0.24 0.63
1303 66.60 67.10 1200.00 0.03 0.25 0.63
1304 66.60 66.60 1200.00 0.02 0.25 0.63
1305 66.60 66.60 1200.00 0.03 0.24 0.63
1306 66.60 67.70 1200.00 0.02 0.25 0.63
1307 66.60 66.60 1200.00 0.03 0.24 0.63
1308 66.60 66.60 1200.00 0.02 0.25 0.63
1309 66.60 66.60 1200.00 0.03 0.24 0.63
1310 66.60 66.60 1200.00 0.03 0.25 0.63
1311 66.60 67.10 1200.00 0.02 0.25 0.63
1312 66.60 67.10 1200.00 0.03 0.24 0.63
1313 66.60 67.10 1200.00 0.03 0.25 0.63
1314 66.60 66.60 1200.00 0.02 0.25 0.63
1315 66.60 66.60 1200.00 0.03 0.24 0.63
1316 66.60 67.10 1200.00 0.02 0.25 0.63
1317 66.60 66.60 1200.00 0.03 0.24 0.63
1318 66.60 66.60 1200.00 0.02 0.25 0.63
1319 66.06 66.60 1200.00 0.03 0.24 0.63
1320 67.14 66.60 1200.00 0.03 0.24 0.63
1321 66.60 66.60 1200.00 0.02 0.25 0.63
1322 67.14 66.60 1200.00 0.03 0.24 0.62
1323 66.60 66.60 1200.00 0.03 0.25 0.62
1324 66.60 66.60 1200.00 0.04 0.24 0.62
1325 66.60 66.60 1200.00 0.03 0.25 0.62
1326 66.60 66.10 1200.00 0.03 0.25 0.62
1327 66.60 67.10 1200.00 0.03 0.24 0.62
1328 66.60 66.60 1200.00 0.03 0.25 0.62
1329 66.60 66.60 1200.00 0.02 0.25 0.62
1330 66.60 66.60 1200.00 0.03 0.24 0.62
1331 66.60 67.10 1199.99 0.03 0.25 0.62
1332 66.60 66.60 1200.00 0.02 0.25 0.62
1333 66.60 66.60 1200.00 0.03 0.24 0.62
1334 67.14 67.10 1200.00 0.03 0.24 0.62
1335 66.06 66.60 1200.00 0.03 0.25 0.62
1336 66.60 67.10 1200.00 0.03 0.25 0.62
1337 67.14 67.10 1200.00 0.03 0.25 0.62
1338 67.14 67.10 1200.00 0.04 0.25 0.62
1339 66.60 66.60 1200.00 0.03 0.25 0.62
1340 66.60 66.60 1200.00 0.03 0.25 0.62
1341 66.60 67.10 1200.00 0.03 0.24 0.62
1342 66.60 66.60 1200.00 0.03 0.25 0.62
1343 66.60 66.60 1200.00 0.02 0.25 0.62
1344 66.60 66.60 1200.00 0.03 0.24 0.62
1345 67.14 66.60 1200.00 0.03 0.25 0.62
1346 66.60 67.10 1200.00 0.03 0.24 0.62
1347 66.60 66.60 1200.00 0.03 0.25 0.63
1348 66.60 66.60 1200.00 0.02 0.25 0.63
1349 67.14 66.60 1200.00 0.03 0.24 0.63
1350 66.60 66.60 1200.00 0.03 0.25 0.63
1351 66.60 66.60 1200.00 0.03 0.24 0.63
1352 67.14 66.60 1200.00 0.03 0.25 0.63
1353 66.60 66.60 1200.00 0.02 0.25 0.63
1354 66.60 66.60 1200.00 0.03 0.24 0.63
1355 67.14 66.60 1200.00 0.03 0.25 0.63
1356 66.60 66.60 1200.00 0.03 0.25 0.63
1357 66.60 67.10 1200.00 0.03 0.25 0.63
1358 66.60 66.60 1200.00 0.02 0.25 0.63
1359 66.60 67.10 1200.00 0.03 0.24 0.63
1360 66.60 66.60 1200.00 0.02 0.25 0.63
1361 67.14 67.70 1200.00 0.03 0.25 0.63
1362 66.60 66.60 1200.00 0.03 0.25 0.63
1363 66.60 66.60 1200.00 0.02 0.25 0.63
1364 66.60 66.60 1200.00 0.03 0.24 0.63
1365 66.60 66.10 1200.00 0.03 0.25 0.63
1366 66.60 66.60 1200.00 0.03 0.24 0.63
1367 67.14 67.10 1200.00 0.03 0.25 0.63
1368 67.14 66.60 1200.00 0.02 0.25 0.63
1369 67.14 66.60 1200.00 0.03 0.25 0.63
1370 66.60 67.10 1200.00 0.03 0.25 0.63
1371 67.14 66.60 1200.00 0.02 0.25 0.63
1372 67.14 66.60 1200.00 0.03 0.24 0.63
1373 66.60 66.60 1200.00 0.02 0.25 0.63
1374 66.60 67.10 1200.00 0.03 0.24 0.63
1375 66.60 66.60 1200.00 0.03 0.25 0.63
1376 66.60 66.60 1200.00 0.02 0.25 0.63
1377 67.14 67.10 1200.00 0.03 0.24 0.63
1378 67.14 66.60 1200.00 0.02 0.25 0.63
1379 67.14 66.60 1200.00 0.03 0.25 0.63
1380 67.14 66.60 1200.00 0.03 0.25 0.62
1381 67.14 67.10 1200.00 0.02 0.25 0.62
1382 67.14 67.10 1200.00 0.03 0.25 0.62
1383 66.60 67.10 1200.00 0.02 0.25 0.62
1384 66.60 66.60 1200.00 0.03 0.24 0.62
1385 67.14 67.70 1200.00 0.03 0.25 0.62
1386 66.60 67.10 1200.00 0.03 0.24 0.62
1387 66.60 66.60 1200.00 0.03 0.25 0.62
1388 66.60 66.60 1200.00 0.02 0.25 0.62
1389 67.14 67.10 1200.00 0.03 0.25 0.62
1390 66.60 66.60 1200.00 0.03 0.25 0.62
1391 67.14 67.10 1200.00 0.03 0.24 0.62
1392 67.14 66.60 1200.00 0.03 0.25 0.62
1393 66.60 67.10 1200.00 0.02 0.25 0.62
1394 66.60 67.10 1200.00 0.03 0.25 0.62
1395 66.60 66.60 1200.00 0.02 0.25 0.62
1396 66.60 67.10 1200.00 0.03 0.24 0.62
1397 67.14 66.60 1200.00 0.03 0.25 0.62
1398 66.60 67.10 1200.00 0.02 0.25 0.63
1399 67.14 66.60 1200.00 0.04 0.24 0.62
1400 67.14 66.60 1200.00 0.03 0.25 0.62
1401 66.60 66.60 1200.00 0.03 0.25 0.62
1402 66.60 66.60 1200.00 0.03 0.25 0.62
1403 67.14 66.60 1200.00 0.03 0.25 0.62
1404 67.14 66.60 1200.00 0.04 0.24 0.62
1405 67.14 67.10 1200.00 0.03 0.25 0.62
1406 66.60 67.10 1200.00 0.03 0.25 0.62
1407 66.60 66.60 1200.00 0.03 0.25 0.62
1408 66.60 66.60 1200.00 0.03 0.25 0.62
1409 67.14 67.10 1200.00 0.03 0.25 0.62
1410 66.60 66.60 1200.00 0.03 0.25 0.62
1411 66.60 66.60 1200.00 0.03 0.25 0.62
1412 66.60 66.60 1200.00 0.03 0.25 0.62
1413 67.14 66.60 1200.00 0.04 0.24 0.62
1414 66.60 66.60 1200.00 0.04 0.24 0.62
1415 67.14 66.60 1200.00 0.03 0.25 0.62
1416 66.60 66.60 1200.00 0.03 0.25 0.62
1417 66.60 66.60 1200.00 0.02 0.26 0.62
1418 66.60 67.10 1200.00 0.04 0.24 0.62
1419 66.60 66.60 1200.00 0.03 0.25 0.62
1420 66.60 66.60 1200.00 0.03 0.25 0.62
1421 66.60 66.60 1200.00 0.03 0.25 0.62
1422 66.60 67.10 1200.00 0.03 0.25 0.62
1423 67.14 66.60 1200.00 0.03 0.24 0.62
1424 66.60 66.60 1200.00 0.03 0.25 0.62
1425 67.14 67.10 1200.00 0.03 0.25 0.62
1426 66.60 66.60 1200.00 0.03 0.25 0.62
1427 67.14 67.10 1200.00 0.03 0.25 0.62
1428 66.60 66.60 1200.00 0.04 0.24 0.62
1429 66.60 67.70 1200.00 0.03 0.25 0.62
1430 66.60 67.10 1200.00 0.03 0.25 0.62
1431 67.14 66.60 1200.00 0.03 0.25 0.62
1432 67.14 66.60 1200.00 0.03 0.25 0.62
1433 67.14 66.60 1200.00 0.02 0.26 0.62
1434 66.60 67.10 1200.00 0.03 0.25 0.62
1435 67.14 66.60 1200.00 0.03 0.25 0.62
1436 67.14 67.10 1200.00 0.03 0.25 0.62
1437 67.14 67.10 1200.00 0.03 0.25 0.62
1438 66.60 67.10 1200.00 0.02 0.26 0.62
1439 67.68 66.60 1200.00 0.03 0.25 0.62
1440 67.14 67.70 1200.00 0.03 0.25 0.62
1441 67.68 66.60 1200.00 0.03 0.24 0.62
1442 67.14 66.60 1200.00 0.03 0.25 0.62
1443 67.14 67.10 1200.00 0.03 0.24 0.62
1444 67.68 66.60 1200.00 0.03 0.25 0.62
1445 67.14 67.10 1200.00 0.02 0.25 0.62
1446 67.14 66.60 1200.00 0.03 0.25 0.62
1447 66.60 67.10 1200.00 0.03 0.25 0.62
1448 66.60 67.10 1200.00 0.03 0.24 0.62
1449 66.60 67.10 1200.00 0.03 0.25 0.62
1450 67.14 66.60 1200.00 0.03 0.25 0.62
1451 67.68 67.10 1200.00 0.03 0.25 0.62
1452 66.60 66.60 1199.99 0.03 0.25 0.62
1453 66.60 66.60 1200.00 0.03 0.24 0.62
1454 66.60 66.60 1200.00 0.03 0.25 0.62
1455 67.14 66.60 1200.00 0.02 0.25 0.62
1456 66.60 67.10 1200.00 0.03 0.25 0.62
1457 66.60 67.10 1200.00 0.03 0.25 0.62
1458 67.14 66.60 1200.00 0.03 0.24 0.62
1459 67.14 66.60 1200.00 0.03 0.25 0.62
1460 67.68 67.10 1200.00 0.02 0.26 0.62
1461 66.60 66.60 1200.00 0.03 0.25 0.62
1462 66.60 67.10 1200.00 0.02 0.25 0.62
1463 66.60 67.10 1200.00 0.03 0.25 0.62
1464 66.60 67.70 1200.00 0.03 0.25 0.62
1465 67.14 67.10 1200.00 0.03 0.25 0.62
1466 66.60 67.10 1200.00 0.03 0.25 0.62
1467 67.68 67.10 1200.00 0.02 0.26 0.62
1468 67.14 67.10 1200.00 0.03 0.25 0.62
1469 67.14 66.60 1200.00 0.03 0.25 0.62
1470 67.14 67.10 1200.00 0.03 0.25 0.62
1471 66.60 66.60 1200.00 0.03 0.25 0.62
1472 66.60 66.60 1200.00 0.02 0.26 0.62
1473 67.14 66.60 1200.00 0.03 0.25 0.62
1474 67.14 67.10 1200.00 0.02 0.25 0.62
1475 67.68 67.70 1200.00 0.03 0.25 0.62
1476 67.14 66.60 1200.00 0.03 0.25 0.62
1477 67.14 66.60 1200.00 0.03 0.25 0.62
1478 67.14 67.70 1200.00 0.03 0.25 0.62
1479 66.60 67.10 1200.00 0.02 0.26 0.62
1480 66.60 67.10 1200.00 0.03 0.25 0.62
1481 67.14 67.10 1200.00 0.02 0.25 0.62
1482 66.60 66.60 1200.00 0.03 0.25 0.62
1483 66.60 67.70 1200.00 0.03 0.25 0.62
1484 67.14 67.70 1200.00 0.02 0.26 0.62
1485 67.14 67.70 1200.00 0.03 0.25 0.62
1486 66.60 66.60 1200.00 0.02 0.25 0.62
1487 66.60 67.10 1200.00 0.03 0.25 0.62
1488 67.14 67.70 1200.00 0.03 0.25 0.62
1489 67.14 66.60 1200.00 0.02 0.26 0.62
1490 67.14 67.10 1200.00 0.03 0.25 0.62
1491 67.14 67.10 1200.00 0.02 0.25 0.62
1492 67.14 67.70 1200.00 0.03 0.25 0.62
1493 67.14 67.70 1200.00 0.02 0.25 0.62
1494 67.68 67.10 1200.00 0.03 0.26 0.62
1495 67.14 67.10 1200.00 0.03 0.25 0.62
1496 66.60 66.60 900.00 0.03 0.24 0.62
1497 66.06 66.60 1200.00 0.03 0.25 0.62
1498 66.60 66.60 1200.00 0.02 0.25 0.62
1499 66.60 66.60 1200.00 0.02 0.26 0.62
1500 66.60 66.60 1200.00 0.03 0.25 0.62
1501 65.52 66.60 1200.00 0.03 0.25 0.62
1502 67.14 66.60 1200.00 0.02 0.26 0.62
1503 66.60 66.60 1200.00 0.03 0.25 0.62
1504 66.60 66.60 1200.00 0.02 0.26 0.62
1505 66.60 66.60 1200.00 0.04 0.25 0.62
1506 66.60 67.10 1200.00 0.03 0.25 0.62
1507 67.68 67.10 1200.00 0.04 0.25 0.62
1508 67.68 66.60 1200.00 0.03 0.25 0.62
1509 66.60 66.60 1200.00 0.03 0.26 0.62
1510 67.14 67.10 1200.00 0.04 0.25 0.62
1511 66.60 66.60 1200.00 0.03 0.25 0.62
1512 66.60 67.10 1200.00 0.04 0.26 0.62
1513 66.60 67.10 1200.00 0.03 0.25 0.62
1514 67.14 66.60 1200.00 0.03 0.26 0.62
1515 66.60 67.70 1200.00 0.03 0.25 0.62
1516 67.68 66.60 1200.00 0.03 0.25 0.62
1517 67.14 67.10 1200.00 0.02 0.26 0.62
1518 67.14 66.60 1200.00 0.03 0.25 0.62
1519 66.60 66.60 1200.00 0.03 0.26 0.62
1520 66.60 67.10 1200.00 0.03 0.25 0.62
1521 67.14 67.10 1200.00 0.03 0.25 0.62
1522 67.14 67.10 1200.00 0.04 0.25 0.62
1523 67.14 67.10 1200.00 0.03 0.25 0.62
1524 67.14 67.10 1200.00 0.03 0.26 0.62
1525 67.14 66.60 1200.00 0.03 0.25 0.62
1526 66.60 66.60 1200.00 0.03 0.25 0.62
1527 66.60 67.10 1200.00 0.03 0.25 0.62
1528 66.60 67.10 1200.00 0.03 0.25 0.62
1529 66.60 66.60 1199.99 0.02 0.26 0.62
1530 67.14 66.60 1200.00 0.03 0.25 0.62
1531 67.14 66.60 1200.00 0.03 0.26 0.62
1532 66.60 67.10 1200.00 0.03 0.25 0.62
1533 66.60 66.60 1200.00 0.03 0.25 0.62
1534 66.60 67.10 1200.00 0.02 0.26 0.62
1535 67.14 67.10 1200.00 0.03 0.25 0.62
1536 67.14 67.10 1200.00 0.03 0.26 0.62
1537 67.14 67.10 1200.00 0.03 0.25 0.62
1538 67.68 67.70 1200.00 0.03 0.25 0.62
1539 67.14 66.60 1200.00 0.02 0.26 0.62
1540 67.14 66.60 1200.00 0.03 0.25 0.62
1541 67.14 67.10 1200.00 0.03 0.26 0.62
1542 67.68 66.60 1200.00 0.03 0.25 0.62
1543 67.14 67.10 1200.00 0.03 0.25 0.62
1544 67.14 66.60 1200.00 0.02 0.26 0.62
1545 67.14 67.10 1200.00 0.03 0.25 0.62
1546 67.14 67.10 1200.00 0.03 0.26 0.62
1547 67.14 67.10 1200.00 0.03 0.25 0.62
1548 66.60 67.10 1200.00 0.03 0.26 0.62
1549 67.68 67.10 1200.00 0.03 0.25 0.62
1550 67.14 66.60 1200.00 0.03 0.25 0.62
1551 67.68 66.60 1200.00 0.02 0.26 0.62
1552 67.14 67.10 1200.00 0.03 0.25 0.62
1553 67.14 67.70 1200.00 0.03 0.25 0.62
1554 67.14 67.70 1200.00 0.02 0.26 0.62
1555 67.14 67.10 1200.00 0.03 0.25 0.62
1556 67.14 67.70 1200.00 0.02 0.26 0.62
1557 67.14 67.10 1200.00 0.03 0.25 0.62
1558 66.60 66.60 1200.00 0.03 0.25 0.62
1559 67.68 67.10 1200.00 0.02 0.26 0.62
1560 67.68 67.10 1200.00 0.03 0.25 0.62
1561 67.68 67.70 1200.00 0.02 0.26 0.62
1562 66.60 67.10 1200.00 0.03 0.25 0.62
1563 67.68 67.10 1200.00 0.03 0.25 0.62
1564 67.14 66.60 1200.00 0.02 0.26 0.62
1565 67.14 67.70 1200.00 0.03 0.25 0.62
1566 67.68 67.10 1199.99 0.03 0.26 0.62
1567 66.60 67.10 1200.00 0.02 0.26 0.62
1568 67.68 67.70 1200.00 0.03 0.25 0.62
1569 67.14 68.20 1200.00 0.02 0.26 0.62
1570 66.60 66.60 1200.00 0.03 0.25 0.62
1571 66.60 67.10 1200.00 0.03 0.25 0.62
1572 67.14 67.70 1200.00 0.02 0.26 0.62
1573 67.14 67.10 1200.00 0.03 0.25 0.62
1574 67.68 67.10 1200.00 0.02 0.26 0.62
1575 67.68 67.70 1200.00 0.03 0.25 0.62
1576 67.68 67.70 1200.00 0.03 0.25 0.62
1577 67.68 67.70 1200.00 0.03 0.26 0.61
1578 67.68 67.70 1200.00 0.03 0.25 0.61
1579 67.14 67.10 1200.00 0.03 0.26 0.61
1580 67.68 67.70 1200.00 0.03 0.26 0.61
1581 67.68 67.10 1200.00 0.03 0.25 0.61
1582 66.60 67.70 1200.00 0.03 0.26 0.61
1583 67.68 67.10 1200.00 0.04 0.25 0.61
1584 67.68 67.10 1200.00 0.03 0.26 0.61
1585 67.68 68.20 1200.00 0.04 0.25 0.61
1586 67.68 67.10 1200.00 0.03 0.25 0.61
1587 66.60 67.10 1200.00 0.03 0.26 0.61
1588 67.68 67.70 1200.00 0.03 0.25 0.61
1589 67.68 68.20 1200.00 0.03 0.25 0.61
1590 67.14 67.10 1200.00 0.03 0.26 0.61
1591 67.68 67.70 1200.00 0.03 0.25 0.61
1592 67.14 67.10 1200.00 0.03 0.26 0.61
1593 66.60 67.70 1200.00 0.03 0.25 0.61
1594 67.14 67.70 1199.99 0.03 0.26 0.61
1595 67.14 67.10 1200.00 0.03 0.26 0.61
1596 67.14 67.70 1200.00 0.03 0.25 0.61
1597 68.21 67.10 1200.00 0.03 0.26 0.61
1598 67.14 67.70 1200.00 0.03 0.25 0.61
1599 67.68 67.70 1200.00 0.03 0.26 0.61
1600 67.68 67.70 1200.00 0.03 0.26 0.61
1601 67.68 67.70 1200.00 0.03 0.25 0.61
1602 67.14 67.10 1200.00 0.03 0.26 0.61
1603 66.60 67.10 1200.00 0.04 0.25 0.61
1604 68.21 66.60 1200.00 0.03 0.25 0.61
1605 66.60 67.70 1200.00 0.03 0.26 0.61
1606 67.68 66.60 1200.00 0.03 0.25 0.61
1607 67.68 67.70 1200.00 0.03 0.26 0.61
1608 67.68 67.70 1200.00 0.02 0.26 0.61
1609 68.21 67.10 1200.00 0.03 0.25 0.61
1610 67.68 67.70 1200.00 0.03 0.26 0.61
1611 66.60 67.70 1200.00 0.03 0.25 0.61
1612 67.14 67.70 1200.00 0.03 0.25 0.61
1613 67.68 67.10 1200.00 0.03 0.26 0.61
1614 67.68 67.10 1200.00 0.03 0.25 0.61
1615 67.68 67.70 1200.00 0.03 0.26 0.61
1616 67.14 67.70 1200.00 0.04 0.25 0.61
1617 67.14 67.10 1200.00 0.03 0.25 0.61
1618 67.14 67.10 1200.00 0.03 0.26 0.61
1619 67.68 68.20 1200.00 0.03 0.25 0.61
1620 67.14 68.20 1200.00 0.03 0.26 0.61
1621 66.60 66.60 600.00 0.04 0.25 0.61
1622 66.60 66.60 1200.00 0.03 0.25 0.61
1623 67.68 67.70 1200.00 0.03 0.26 0.61
1624 67.68 67.10 1199.99 0.04 0.25 0.61
1625 67.14 66.60 1200.00 0.04 0.25 0.61
1626 67.14 66.60 1200.00 0.03 0.25 0.62
1627 66.60 67.10 1200.00 0.03 0.26 0.62
1628 67.68 66.60 1200.00 0.02 0.26 0.62
1629 67.14 67.10 1200.00 0.03 0.25 0.62
1630 66.60 66.60 1200.00 0.03 0.25 0.62
1631 67.14 67.10 1200.00 0.03 0.26 0.62
1632 66.60 67.70 1200.00 0.02 0.26 0.62
1633 67.68 67.10 1200.00 0.03 0.25 0.62
1634 66.60 67.70 1200.00 0.02 0.26 0.62
1635 67.14 67.70 1200.00 0.03 0.25 0.62
1636 67.68 67.10 1200.00 0.03 0.26 0.62
1637 67.68 67.70 1200.00 0.02 0.26 0.62
1638 67.68 67.10 1200.00 0.03 0.25 0.62
1639 67.14 67.10 1200.00 0.02 0.26 0.62
1640 67.68 68.20 1200.00 0.02 0.26 0.62
1641 67.14 67.10 1200.00 0.11 0.17 0.62
1642 66.60 66.60 600.00 0.11 0.17 0.62
1643 66.60 65.50 600.00 0.11 0.17 0.62
1644 65.52 66.10 600.00 0.11 0.17 0.62
1645 65.52 65.50 600.00 0.11 0.17 0.62
1646 64.99 65.50 600.00 0.11 0.17 0.62
1647 65.52 65.50 600.00 0.11 0.17 0.62
1648 64.45 65.00 600.00 0.11 0.17 0.62
1649 64.45 64.50 600.00 0.11 0.17 0.62
1650 64.45 64.50 600.00 0.11 0.17 0.62
1651 64.45 63.90 600.00 0.11 0.17 0.62
1652 63.37 64.50 600.00 0.11 0.17 0.62
1653 64.45 63.90 600.00 0.11 0.17 0.62
1654 64.45 63.40 600.00 0.11 0.17 0.62
1655 63.37 64.50 600.00 0.11 0.17 0.62
1656 63.37 63.90 800.00 0.11 0.18 0.62
1657 63.37 64.50 600.00 0.11 0.17 0.62
1658 63.37 63.40 700.00 0.11 0.17 0.62
1659 64.45 64.50 600.00 0.11 0.17 0.62
1660 63.37 63.40 600.00 0.11 0.17 0.62
1661 63.37 63.40 600.00 0.11 0.17 0.62
1662 63.37 63.40 700.00 0.11 0.17 0.62
1663 63.37 63.40 600.00 0.11 0.17 0.62
1664 63.37 63.40 800.00 0.11 0.17 0.62
1665 63.37 63.40 700.00 0.11 0.17 0.62
1666 62.83 63.90 700.00 0.11 0.17 0.62
1667 63.37 63.40 800.00 0.11 0.17 0.62
1668 63.37 63.40 1200.00 0.11 0.17 0.62
1669 64.45 64.50 1200.00 0.11 0.18 0.62
1670 64.45 64.50 1200.00 0.11 0.18 0.62
1671 65.52 65.00 1200.00 0.10 0.18 0.62
1672 65.52 65.50 1200.00 0.10 0.18 0.62
1673 66.60 66.10 1200.00 0.10 0.18 0.62
1674 66.60 67.10 1200.00 0.10 0.18 0.62
1675 67.14 67.10 1200.00 0.10 0.18 0.63
1676 66.60 67.10 1200.00 0.10 0.18 0.63
1677 68.21 67.70 1200.00 0.09 0.18 0.63
1678 67.68 67.70 1200.00 0.09 0.18 0.63
1679 68.21 67.70 1200.00 0.09 0.18 0.63
1680 67.68 68.20 1200.00 0.09 0.18 0.63
1681 68.75 68.80 1200.00 0.09 0.18 0.63
1682 68.75 68.20 1200.00 0.09 0.18 0.63
1683 68.75 68.80 1200.00 0.09 0.18 0.64
1684 69.29 68.80 1200.00 0.09 0.18 0.64
1685 68.75 68.80 1200.00 0.08 0.18 0.64
1686 69.29 68.80 1200.00 0.08 0.18 0.64
1687 69.29 69.30 1200.00 0.08 0.18 0.65
1688 69.29 69.30 1200.00 0.08 0.18 0.65
1689 69.29 69.30 1200.00 0.07 0.18 0.65
1690 69.29 68.80 1200.00 0.07 0.18 0.65
1691 69.29 69.30 1200.00 0.07 0.18 0.66
1692 69.29 69.30 1200.00 0.06 0.18 0.66
1693 69.83 69.80 1200.00 0.06 0.18 0.66
1694 69.83 70.40 1200.00 0.06 0.18 0.66
1695 69.83 69.30 1200.00 0.06 0.18 0.67
1696 69.83 69.80 1200.00 0.06 0.18 0.67
1697 69.83 70.40 1200.00 0.05 0.18 0.67
1698 70.37 69.80 1200.00 0.05 0.18 0.67
1699 69.83 69.80 1200.00 0.05 0.18 0.67
1700 69.83 69.80 1200.00 0.05 0.18 0.67
1701 69.83 69.80 1200.00 0.04 0.18 0.68
1702 69.83 69.30 1200.00 0.05 0.17 0.68
1703 67.68 68.80 600.00 0.05 0.17 0.68
1704 67.14 67.10 700.00 0.05 0.17 0.68
1705 66.60 67.10 600.00 0.05 0.17 0.68
1706 66.60 66.10 600.00 0.05 0.17 0.68
1707 66.60 66.10 600.00 0.05 0.17 0.68
1708 65.52 65.50 600.00 0.05 0.17 0.68
1709 65.52 65.00 800.00 0.05 0.17 0.68
1710 65.52 65.50 600.00 0.05 0.17 0.68
1711 65.52 65.50 800.00 0.05 0.17 0.68
1712 64.45 65.50 700.00 0.05 0.17 0.68
1713 64.99 65.00 600.00 0.05 0.17 0.68
1714 64.45 64.50 600.00 0.05 0.17 0.68
1715 64.45 64.50 600.00 0.05 0.17 0.68
1716 64.45 65.00 600.00 0.05 0.17 0.68
1717 64.45 64.50 1200.00 0.05 0.17 0.68
1718 64.45 64.50 700.00 0.05 0.17 0.68
1719 64.45 64.50 700.00 0.05 0.17 0.68
1720 64.45 64.50 800.00 0.05 0.17 0.68
1721 64.45 64.50 800.00 0.04 0.17 0.68
1722 64.45 63.90 1200.00 0.04 0.17 0.68
1723 64.99 65.00 1200.00 0.04 0.17 0.68
1724 64.45 64.50 1000.00 0.02 0.17 0.70
1725 64.45 65.00 1200.00 0.03 0.17 0.70
1726 65.52 65.00 1200.00 0.02 0.18 0.70
1727 65.52 65.00 1000.00 0.02 0.18 0.71
1728 65.52 65.50 900.00 0.02 0.18 0.70
1729 65.52 65.50 900.00 0.02 0.17 0.70
1730 65.52 65.50 1000.00 0.02 0.17 0.70
1731 65.52 65.00 1000.00 0.03 0.17 0.70
1732 65.52 65.50 800.00 0.03 0.18 0.70
1733 65.52 65.50 1200.00 0.03 0.18 0.70
1734 65.52 65.50 1200.00 0.02 0.17 0.70
1735 66.60 66.60 1200.00 0.03 0.18 0.70
1736 65.52 66.10 1200.00 0.03 0.17 0.70
1737 66.06 66.10 1200.00 0.03 0.18 0.70
1738 66.06 66.60 900.00 0.03 0.17 0.70
1739 65.52 65.50 900.00 0.03 0.17 0.70
1740 66.06 65.50 900.00 0.02 0.18 0.70
1741 66.60 66.60 1200.00 0.04 0.18 0.69
1742 68.21 67.70 1200.00 0.03 0.18 0.69
1743 69.29 69.30 1200.00 0.03 0.18 0.69
1744 67.68 67.70 600.00 0.03 0.18 0.69
1745 66.60 67.10 700.00 0.03 0.18 0.69
1746 65.52 65.50 1200.00 0.03 0.18 0.69
1747 65.52 64.50 600.00 0.03 0.18 0.69
1748 66.60 66.60 1200.00 0.04 0.18 0.69
1749 66.60 66.60 700.00 0.08 0.17 0.65
1750 65.52 65.50 600.00 0.08 0.17 0.65
1751 64.99 65.50 800.00 0.08 0.17 0.65
1752 64.99 64.50 700.00 0.08 0.17 0.65
1753 64.45 64.50 1200.00 0.08 0.17 0.65
1754 64.45 64.50 600.00 0.08 0.17 0.65
1755 64.45 63.90 800.00 0.08 0.17 0.65
1756 64.45 64.50 600.00 0.08 0.17 0.65
1757 63.37 63.40 600.00 0.08 0.17 0.65
1758 63.37 63.40 600.00 0.08 0.17 0.65
1759 63.37 63.40 700.00 0.08 0.17 0.65
1760 63.37 63.40 600.00 0.08 0.17 0.65
1761 63.37 63.40 800.00 0.08 0.17 0.65
1762 63.37 63.90 1200.00 0.08 0.17 0.65
1763 63.37 63.40 800.00 0.08 0.17 0.65
1764 63.37 62.80 600.00 0.08 0.17 0.65
1765 62.83 62.80 600.00 0.08 0.17 0.65
1766 63.37 63.40 700.00 0.08 0.17 0.65
1767 62.83 63.40 900.00 0.08 0.17 0.65
1768 62.83 62.80 800.00 0.08 0.17 0.65
1769 62.30 63.40 700.00 0.08 0.17 0.65
1770 63.37 63.40 800.00 0.08 0.17 0.65
1771 62.83 63.40 800.00 0.08 0.17 0.65
1772 62.83 62.30 800.00 0.08 0.17 0.65
1773 62.30 62.30 800.00 0.08 0.17 0.65
1774 62.30 62.30 600.00 0.08 0.17 0.65
1775 62.83 62.30 600.00 0.08 0.17 0.65
1776 62.83 62.80 700.00 0.08 0.17 0.65
1777 62.30 62.30 600.00 0.08 0.17 0.65
1778 62.83 62.80 600.00 0.08 0.17 0.65
1779 62.30 62.80 600.00 0.08 0.17 0.65
1780 62.30 62.80 700.00 0.08 0.17 0.65
1781 62.30 62.30 600.00 0.08 0.17 0.65
1782 62.30 63.40 700.00 0.08 0.17 0.65
1783 62.30 62.30 700.00 0.08 0.17 0.65
1784 62.30 62.30 600.00 0.08 0.17 0.65
1785 62.30 62.30 700.00 0.08 0.17 0.65
1786 62.83 62.30 600.00 0.08 0.17 0.65
1787 62.30 62.30 600.00 0.08 0.17 0.65
1788 62.83 61.80 700.00 0.08 0.17 0.65
